y <- c(
   35.5808956,  -36.1362447,  -87.0417034,  147.2350640, -100.3342924,
   59.9576148, -172.5566200,   54.0821936, -165.5283597,  -69.1805985,
  -74.0668402,    6.0148602, -199.2239815,   12.6254614,  133.3058632,
  145.2521716,  -39.1250068,    4.1120437,   44.6792394,  123.8911295,
   -6.6643489,  -44.2349653, -210.5159344,   -8.1230078,   43.8061525,
 -292.4409359, -234.9837398,  -42.4561198,   14.2849175,   51.1587507,
  -31.8414251,   10.2703842,  -34.9912915,  -16.7515377,   55.6619281,
  -80.0036121,  -27.5385821,  -55.0547309, -117.6209653,   31.7677377,
    2.8135574,  118.8103386,  -67.6146525, -132.0807482,  216.2991095,
  -43.3149346,   10.4292821, -132.7868434,  200.4738402,  196.1505445,
    9.1638519,  146.5370546, -103.4940561,  -57.6962660, -149.6931941,
  155.9312763,   -6.9317089,  263.6352212,  -28.2865020,  -56.1693906,
 -207.1793359,   43.5455222,   59.0530295,  -53.7065970, -172.9297544,
 -119.5875585,   53.0205877,  -63.1153662,   16.0002200, -111.8903002,
 -121.7334833,  192.7397090, -136.5879661, -184.9321177, -161.1550120,
   37.6593053,   38.1017857, -101.0563919,  -34.0141978,    0.5460303,
 -158.5454830, -168.2126831, -140.0568737,  -46.5548919, -153.2915774,
   -1.7783830,   29.4492144,  235.3524355,  -62.9845012, -151.1576573,
  -38.5003684, -126.1919007,  -62.7806929,   31.4918120,   10.6828779,
   73.8264531,   68.1383013, -226.7417293,  -58.9914688,   51.0837533)

X <- structure(c(
55.4044203094843,-223.805659731685,-250.156565547013,23.7197360566916,-161.378417547857,-12.1265487969228,-16.1071742409618,-213.776810766724,-4.66521282940468,22.4255138753124,-87.3030518490453,-279.835429153461,24.9543616221132,-67.6175715068413,-0.086578548038851,51.1524380624834,-51.7567437670406,-191.782340463696,-253.702341146032,57.2065825642941,-303.451480279291,-606.053116183093,38.2687918262545,95.3359696785289,-189.213642671046,-75.0219761184554,114.657375565166,-390.75596989191,-273.166053528146,147.513691687708,-195.919154240345,180.067255664044,-461.353233897298,-145.071152242073,-359.411232435684,-174.953736093085,292.913717772925,-396.565348453677,-285.973690288208,9.88280089590994,-99.8704882448678,181.830911160537,239.826165318291,-61.2667467505441,72.4000813328614,105.849639826787,-254.800011786356,-66.985775985946,297.543621819726,128.517682058887,-218.402352004923,388.482520055989,-433.989431775408,84.5465426189167,-71.0639250723961,-200.626676432946,-261.374619473029,-108.049696265707,-22.3261049978224,-199.38950065773,-31.0221474374253,287.184865808276,-23.9181265907872,-190.363583000818,-51.2162357495177,-343.611394755266,137.328759035161,86.9686796210418,-99.9250017888993,101.384855410286,434.415473002352,132.663693122524,-283.028947455049,-176.205929393666,151.036368625386,95.8523281341014,88.2208491380635,23.1831457523851,-124.460228456896,23.3429402930767,71.7253824381602,-218.686187961125,-234.811961875109,507.461349907983,76.2821624916439,-131.041304661984,-255.186806268243,-31.0761017158502,-144.02291131802,-8.49925921061842,-426.701751427309,268.133234737226,24.7642859338419,45.3537522365889,-238.057850132589,-52.7623874045114,-111.079838432419,52.5131678846368,22.1788409995965,215.004307248142,
-43.1120575926025,-279.354617429729,300.038897709836,172.838087689013,-67.3092085644385,-262.949565103945,-49.012018905245,156.658411530336,-318.292224005413,208.90372110679,-113.842892710006,211.149228504947,70.0954707783188,9.61265647665557,360.492116367625,55.7994789854058,-151.650812716966,208.812277956246,-74.8484334184995,-60.7660876855117,25.077287162419,151.057413551038,199.755292449478,159.623474344277,-18.7580225099694,-61.5479590587809,5.59063390335382,191.535294313254,92.1898002181557,50.3601368284064,197.822234488142,-60.9625566688419,199.068447178871,165.542091919598,-184.466091070917,-28.4647988171943,157.523374702014,181.363713485747,61.194635271679,122.67450725311,76.3647567899343,74.8223812940145,-143.010857086909,-249.396625199913,-277.473052780574,-150.253801487223,-394.26901515884,-225.776023776593,-351.922904824913,331.883656051589,55.2300690390503,215.019132389301,130.964850545482,249.56435390396,-58.7081293902781,456.619878946285,193.45960460661,-25.2312953360286,-59.8418958638468,-44.7577964842094,191.25231258889,-512.366488235429,183.005943951662,21.1929254457433,-26.2789157159302,-64.1025895792957,-122.52998450495,-231.043303904103,-88.2070151996655,-51.37940218967,-78.9119233352464,-130.230395973493,64.6634058481906,-15.7806012524397,119.603960913487,92.5232271694041,92.8855872867702,-223.014430005579,197.759859011168,0.600130179554292,-259.157928915201,-272.648850609874,-130.081546449687,-59.5832488968616,149.703337653741,64.8763529850488,-57.03997261591,199.094326318672,-333.534080445629,74.598131142605,-358.5540953905,-400.074616185707,-278.939966817061,554.964205787663,143.913054640691,170.573729037902,-239.919470856493,-33.5577361077729,-112.47348965832,-2.81664752383585,
25.6180507548648,431.053572597837,-94.8298548885377,-289.194967556674,-397.436720199129,-219.969160496343,-96.3218398122817,71.7575844912658,164.693818541292,121.530166490621,-67.4636840841159,401.384217941885,53.3320328738687,93.0833537065802,-89.3047939046752,-111.233282090483,-140.606586058101,-129.07704189795,300.085901639117,146.624897867255,-169.654770993872,-9.29005629587869,78.7132501715315,-29.6954854744112,127.623336114474,-154.867245708806,-170.741129556296,-145.087192872723,-276.21405440919,171.176193775948,294.961664541318,-41.9305117181093,-343.12167108037,-303.23398028662,123.602327778049,24.2659011422897,-344.677862956067,303.037751532334,-51.491384073899,-302.830518022507,90.8823396261362,-25.0171895930341,293.928884579222,-125.098021246245,-20.1160471274825,-311.284892062316,300.988940338771,-140.989119696101,-49.5697488609874,-224.175595876503,134.419181778457,-76.4977658729791,126.116936441624,-14.3439795686558,96.8180237462904,-27.790231423061,79.9162787060636,123.961600304654,203.310056937134,82.2321364679503,-291.674520093707,64.1434879843118,-305.256362139986,11.6240077129668,-121.414021691475,-82.3947362558647,-180.466821470163,168.594287640641,-124.753287624735,103.701365315695,11.974886694175,-6.25495439308736,78.3189107780237,-50.9058683156086,412.95763606598,-100.913578624499,7.20695841935721,136.093487136204,-67.1050872125929,134.740198032611,-121.471599155491,261.232737702459,107.339005859276,-412.544468381871,-156.218712420668,-63.6116550511352,53.4515871310697,145.002254509162,68.0079911256605,156.725845888635,212.332496628224,-245.140509644075,-83.8126566318272,-121.274878262675,91.8663820381107,-48.2680175473684,-69.6731322363027,32.1499836717831,-279.353407963439,-176.923230884625,
