# stan_version_major = 2
# stan_version_minor = 21
# stan_version_patch = 0
# model = garch_garch11_model
# method = sample (Default)
#   sample
#     num_samples = 1000 (Default)
#     max_num_warmup = 1000 (Default)
#     save_warmup = 1
#     thin = 1 (Default)
#     adapt
#       engaged = 1 (Default)
#       gamma = 0.050000000000000003 (Default)
#       delta = 0.80000000000000004 (Default)
#       kappa = 0.75 (Default)
#       t0 = 10 (Default)
#       init_buffer = 75 (Default)
#       term_buffer = 50 (Default)
#       window = 25 (Default)
#       num_cross_chains = 1 (Default)
#       cross_chain_window = 100 (Default)
#       cross_chain_rhat = 1.05 (Default)
#       cross_chain_ess = 200 (Default)
#     algorithm = hmc (Default)
#       hmc
#         engine = nuts (Default)
#           nuts
#             max_depth = 10 (Default)
#         metric = dense_e
#         metric_file =  (Default)
#         stepsize = 1 (Default)
#         stepsize_jitter = 0 (Default)
# id = 2
# data
#   file = garch-garch11.data.R
# init = 2 (Default)
# random
#   seed = 1569824
# output
#   file = 2.output.csv
#   diagnostic_file =  (Default)
#   refresh = 100 (Default)
lp__,accept_stat__,stepsize__,treedepth__,n_leapfrog__,divergent__,energy__,mu,alpha0,alpha1,beta1
-426.132,1,0.25,2,3,0,505.992,1.69384,17.8206,0.486779,0.301825
-426.132,0,14.3855,0,1,1,426.274,1.69384,17.8206,0.486779,0.301825
-426.132,0,2.43117,0,1,1,426.669,1.69384,17.8206,0.486779,0.301825
-372.485,1,0.239791,1,3,0,429.016,2.38191,7.46724,0.389119,0.241312
-305.819,1,0.324332,1,1,0,369.536,4.87164,9.3944,0.416185,0.184202
-305.819,0,0.507206,0,1,1,308.931,4.87164,9.3944,0.416185,0.184202
-296.979,1,0.0404064,3,7,0,306.942,4.76341,7.7647,0.426865,0.180045
-279.461,1,0.0687243,3,15,0,296.543,5.14693,1.1764,0.441817,0.146191
-274.283,0.979935,0.122801,3,7,0,280.324,5.12314,3.8108,0.712715,0.101469
-268.633,0.470883,0.212195,3,11,0,273.594,5.08292,1.93126,0.666872,0.0960062
-268.463,0.952558,0.0745447,4,23,0,270.361,5.007,2.39792,0.687597,0.119098
-269.219,0.839725,0.121369,5,31,0,270.482,5.2335,2.54194,0.526043,0.150872
-269.174,1,0.139382,2,3,0,269.837,4.86455,2.62879,0.523787,0.138704
-269.007,0.143495,0.265911,2,7,0,270.151,4.90306,2.63238,0.44814,0.150697
-270.176,0.993965,0.0350251,4,15,0,271.105,5.04324,3.22697,0.414956,0.146872
-268.135,0.988423,0.0662011,4,23,0,272.388,5.07404,1.91339,0.714918,0.113781
-274.452,0.476453,0.122391,4,27,0,276.589,4.69399,0.456784,0.361484,0.565357
-271.085,0.999254,0.0470704,5,55,0,276.933,4.67546,1.15839,0.381688,0.474536
-270.116,1,0.0897519,3,7,0,271.987,5.17823,1.28477,0.347058,0.506309
-269.016,0.937586,0.170052,3,7,0,270.96,5.2323,0.898151,0.424562,0.425161
-267.541,0.428572,0.265018,2,7,0,268.272,5.16377,1.30567,0.519457,0.365303
-266.875,0.937009,0.0911058,1,3,0,268.36,5.00569,1.28395,0.524602,0.359076
-267.375,0.794524,0.141653,2,3,0,268.03,5.17343,1.12134,0.531877,0.354559
-269.933,0.471666,0.144559,2,3,0,273.026,4.93419,2.0982,0.54772,0.323186
-268.406,0.972081,0.0581879,3,7,0,272.414,4.85159,1.71342,0.601647,0.265707
-268.319,1,0.0994137,4,23,0,269.183,4.90801,1.63855,0.627209,0.181836
-268.386,0.63288,0.182209,3,7,0,269.558,4.938,1.63481,0.669052,0.162716
-268.812,0.907398,0.117892,3,15,0,271.72,5.17742,2.5728,0.568018,0.160322
-269.312,0.803202,0.165073,1,3,0,270.333,5.2919,2.15052,0.580976,0.147602
-267.555,0.678388,0.172377,3,15,0,270.393,4.95819,1.59828,0.659788,0.208729
-268.334,0.973837,0.1278,3,15,0,268.868,5.19309,1.18219,0.649634,0.222967
-271.558,0.478248,0.212434,2,3,0,271.655,5.11061,0.882874,0.686594,0.195973
-267.654,0.878287,0.0921541,3,7,0,273.431,4.97459,1.63872,0.679967,0.225034
-267.791,0.998596,0.117996,4,23,0,269.106,4.99547,1.9348,0.565153,0.152527
-268.299,0.98324,0.206991,3,15,0,271.15,4.96583,0.940204,0.336947,0.487281
-268.299,0.00839798,0.345605,2,3,0,270.652,4.96583,0.940204,0.336947,0.487281
-268.848,0.995089,0.045002,4,15,0,269.457,5.01686,1.19253,0.341451,0.513558
-267.613,1,0.0777654,4,15,0,270.21,5.09443,1.11722,0.61884,0.256351
-267.106,0.895205,0.134928,2,3,0,268.545,4.97067,1.40892,0.603054,0.257451
-267.704,0.658202,0.17771,3,15,0,269.102,5.15051,1.20467,0.430087,0.421791
-268.722,0.9878,0.12796,4,23,0,270.206,4.86445,1.32353,0.36936,0.367675
-270.67,0.367132,0.211805,4,15,0,272.39,5.35971,1.72666,0.555908,0.181835
-269.99,1,0.0740697,3,11,0,271.619,4.76214,1.6507,0.523046,0.228518
-267.776,0.97548,0.125902,4,23,0,270.783,5.05663,1.1134,0.534632,0.410833
-267.776,0.156436,0.199935,1,1,0,268.7,5.05663,1.1134,0.534632,0.410833
-267.196,0.997265,0.0427703,5,47,0,268.42,5.147,1.09477,0.539014,0.335612
-268.207,0.956567,0.0716559,3,15,0,269.855,5.24436,1.18729,0.591639,0.306128
-270.03,0.956221,0.10806,2,7,0,270.117,4.79911,1.76362,0.55836,0.336961
-268.455,0.966028,0.161884,2,7,0,270.77,5.2398,1.45379,0.666877,0.257182
-268.455,2.8018e-06,0.246836,2,3,0,270.052,5.2398,1.45379,0.666877,0.257182
-267.913,0.999948,0.0383921,4,23,0,268.78,4.91499,1.22838,0.623455,0.278565
-267.53,0.999249,0.0636097,5,47,0,269.696,5.03426,1.17243,0.576953,0.368553
-267.549,0.778102,0.104509,3,11,0,270.213,5.11469,1.23326,0.525928,0.388681
-267.825,0.993566,0.102321,4,27,0,268.942,4.89146,1.60694,0.435407,0.367826
-267.718,0.921458,0.164327,3,15,0,269.381,5.08004,1.71261,0.626485,0.275712
-266.842,0.389508,0.222502,2,7,0,270.496,4.98039,1.50072,0.505805,0.290557
-270.849,0.696625,0.0898208,3,15,0,273.228,4.72536,1.07308,0.540442,0.344026
-267.846,0.971784,0.0732527,3,7,0,273.061,4.95313,1.52678,0.612602,0.306708
-266.801,0.946158,0.110907,3,11,0,268.726,5.02354,1.09822,0.532363,0.350443
-268.298,0.677318,0.157789,3,11,0,269.551,4.82141,1.20003,0.474592,0.398364
-267.679,0.982656,0.123286,4,31,0,270.052,5.02175,1.05631,0.418511,0.474487
-267.352,0.986702,0.189106,4,15,0,268.027,5.02721,1.17566,0.643203,0.291046
-268.944,0.184846,0.29115,2,7,0,271.592,4.89504,0.832131,0.526689,0.443201
-270.716,0.949644,0.0779883,3,15,0,272.272,4.80358,1.10426,0.502873,0.463792
-269.002,1,0.110814,2,7,0,271.505,5.00232,0.871829,0.45365,0.50892
-268.226,0.59048,0.174741,3,7,0,271.207,5.03011,0.892521,0.496502,0.464584
-267.183,0.999246,0.114207,4,31,0,269.156,5.07414,0.937755,0.547377,0.356546
-267.261,0.623545,0.178822,4,19,0,268.167,5.0218,1.77887,0.524115,0.299229
-266.706,0.992906,0.125882,4,19,0,267.755,5.02564,1.26399,0.488838,0.341459
-268.755,0.473151,0.193398,4,15,0,269.241,5.27049,1.99239,0.648453,0.15779
-268.809,0.992068,0.099712,2,7,0,269.387,4.90849,1.52006,0.626254,0.179489
-269.743,0.914135,0.152381,3,7,0,270.883,5.22507,1.65962,0.411189,0.250487
-271.464,0.801859,0.197279,3,7,0,273.449,5.1749,1.58037,0.315331,0.305742
-268.497,1,0.202129,2,7,0,272.429,5.16277,2.25169,0.703867,0.148782
-268.497,0.0476296,0.310651,1,3,0,269.717,5.16277,2.25169,0.703867,0.148782
-268.332,0.961727,0.0682583,4,23,0,270.425,4.81421,1.36634,0.450716,0.386073
-268.013,0.783708,0.0971659,3,11,0,273.368,4.90959,2.12114,0.5045,0.254377
-267.292,0.99981,0.0962338,3,15,0,268.327,5.15731,1.77614,0.556848,0.216997
-268.698,0.986785,0.147068,4,31,0,269.926,4.98455,0.83032,0.538238,0.441367
-267.949,0.146615,0.218049,3,15,0,270.452,5.02801,0.732381,0.529205,0.425804
-269.086,0.990271,0.0606234,4,31,0,270.277,5.13017,0.569818,0.497794,0.460981
-269.894,0.95814,0.0905303,5,47,0,272.303,5.06348,2.5734,0.694673,0.044134
-270.625,0.967225,0.126405,4,15,0,270.939,5.02957,2.95192,0.701365,0.0360655
-270.305,0.93861,0.179081,2,3,0,271.313,5.05009,2.55817,0.672167,0.0353275
-270.305,0.342498,0.239134,1,3,0,277.546,5.05009,2.55817,0.672167,0.0353275
-267.19,0.992825,0.100124,5,63,0,270.763,5.0251,1.2054,0.417751,0.429209
-267.959,0.989516,0.14844,3,7,0,268.315,5.01999,0.834172,0.37005,0.490528
-271.387,0.090481,0.217871,2,3,0,271.79,4.93597,0.593995,0.390776,0.451251
-269.889,0.992651,0.0569915,3,15,0,274.262,5.09846,0.602328,0.443572,0.427833
-269.537,0.976832,0.0842072,4,15,0,271.836,5.12565,1.88146,0.595177,0.318304
-269.484,0.908454,0.12031,2,7,0,270.871,4.79646,1.46812,0.610003,0.309052
-273.286,0.76987,0.150574,3,9,0,276.208,5.36413,0.794442,0.326343,0.546485
-268.772,0.998763,0.144917,2,7,0,273.935,5.12254,0.940956,0.376648,0.521098
-269.486,0.178312,0.214163,2,7,0,272.058,5.25645,1.20368,0.522121,0.408738
-269.93,0.963024,0.0683166,4,15,0,273.307,5.24766,0.821932,0.610181,0.300756
-268.518,0.88902,0.0944528,4,31,0,273.412,5.19237,2.16167,0.609233,0.21404
-268.766,0.721062,0.113569,2,7,0,272.366,4.86423,2.18085,0.61867,0.193714
-268.763,0.997422,0.100073,3,15,0,269.998,5.23592,1.79057,0.662335,0.12742
-268.083,0.945974,0.146496,4,15,0,271.224,5.09455,1.23836,0.675162,0.19827
-268.568,0.471631,0.194601,3,9,0,269.904,4.96613,2.38056,0.561409,0.225579
-268.568,0.00128928,1.74176,1,3,1,269.936,4.96613,2.38056,0.561409,0.225579
-268.568,0,4.07667,0,1,1,269.008,4.96613,2.38056,0.561409,0.225579
-270.164,0.935253,0.402236,3,7,0,271.062,5.1511,1.00115,0.398992,0.351851
-267.405,1,0.352683,3,7,0,270.315,4.98374,1.03502,0.498139,0.426805
-266.742,0.99766,0.471235,3,15,0,267.912,5.03408,1.43019,0.502666,0.335292
-267.59,0.718118,0.726067,2,3,0,268.418,5.07787,1.69856,0.546364,0.317001
-267.979,0.975538,0.518634,3,7,0,268.662,4.89761,1.11231,0.422142,0.378297
-267.979,0.0339867,0.844971,2,3,0,270.447,4.89761,1.11231,0.422142,0.378297
-266.906,0.999135,0.0739023,5,63,0,268.604,4.99771,1.55741,0.509907,0.321511
-268.281,0.994653,0.134986,4,15,0,269.176,4.90598,2.30368,0.481926,0.179362
-267.78,0.993406,0.248136,3,7,0,269.255,5.04121,1.52916,0.366188,0.383384
-267.789,0.895604,0.459303,3,7,0,269.883,5.09379,0.769448,0.468369,0.421533
-267.156,0.726916,0.627489,2,3,0,269.538,5.02507,1.27067,0.633535,0.255947
-267.335,0.978754,0.506377,3,15,0,268.369,5.16199,1.19921,0.476656,0.369691
-269.217,0.656759,0.901509,2,7,0,270.163,4.88687,2.33886,0.677511,0.127326
-270.317,0.99874,0.589295,2,7,0,271.815,5.12196,0.75258,0.68299,0.305689
-268.593,1,1.11197,2,3,0,270.403,5.20011,0.798669,0.492851,0.394122
-268.593,1.39718e-239,2.09034,1,1,0,271.424,5.20011,0.798669,0.492851,0.394122
-269.1,0.985433,0.188136,4,15,0,271.408,4.96291,0.562688,0.478427,0.480162
-267.277,0.97677,0.34068,3,7,0,270.136,5.06596,1.68124,0.587576,0.183465
-267.766,0.934596,0.596044,2,7,0,268.068,5.11344,1.66102,0.554521,0.320411
-268.456,0.238749,0.912747,2,3,0,270.21,5.15412,0.709845,0.507187,0.446042
-268.984,0.998008,0.180561,4,31,0,270.55,4.92014,0.852264,0.47851,0.365545
-272.193,0.748751,0.333778,4,15,0,274.209,5.20997,1.85249,0.809836,0.186693
-270.672,0.99486,0.297837,4,31,0,273.922,4.949,0.866991,0.475299,0.320711
-271.146,0.999872,0.538095,3,15,0,274.067,4.91632,0.523183,0.317275,0.565519
-269.683,0.746669,0.976397,2,3,0,271.581,4.82577,0.793619,0.402235,0.449267
-269.683,0.0396729,0.861391,2,3,0,270.596,4.82577,0.793619,0.402235,0.449267
-269.612,0.992863,0.106318,5,31,0,271.72,4.87798,0.835616,0.484501,0.365468
-269.989,1,0.18902,4,31,0,270.876,5.23586,1.90899,0.623919,0.285416
-267.407,0.999043,0.33943,3,7,0,271.061,5.09142,1.99338,0.647809,0.153969
-266.918,1,0.602089,2,3,0,267.501,5.10386,1.49915,0.587371,0.282091
-268.192,0.502542,1.06073,2,3,0,268.922,5.00779,0.878778,0.580963,0.317493
-269.146,0.953137,0.490112,3,7,0,270.833,4.93199,1.88352,0.701552,0.236073
-267.211,1,0.756866,2,7,0,269.34,5.05859,0.945527,0.524032,0.406564
-267.211,0.0159824,1.31289,1,1,0,270.532,5.05859,0.945527,0.524032,0.406564
-267.904,0.990443,0.173304,4,15,0,269.71,4.85129,1.54431,0.534463,0.288756
-270.137,0.983688,0.294077,4,15,0,271.212,5.10865,1.48526,0.272145,0.472039
-266.657,0.987257,0.486398,4,15,0,270.744,5.02183,1.34478,0.538156,0.310331
-267.835,0.428391,0.805565,2,3,0,269.208,5.1252,1.5709,0.602305,0.308258
-266.902,1,0.321996,3,7,0,267.89,5.06907,1.46335,0.586437,0.295995
-268.076,0.905029,0.548063,3,15,0,269.323,5.08941,1.61677,0.618834,0.30564
-269.475,0.893694,0.730391,3,7,0,270.64,5.09801,1.76774,0.836539,0.0987458
-270.597,0.65305,0.942412,2,3,0,272.159,4.99106,1.23874,0.470511,0.489514
-267.509,0.99839,0.670712,2,3,0,270.901,5.07672,1.27312,0.551568,0.37349
-268.038,0.904267,1.11361,2,3,0,268.337,5.01923,1.02928,0.551757,0.288524
-268.038,1.26042e-06,1.46146,2,3,0,269.476,5.01923,1.02928,0.551757,0.288524
-269.051,0.995696,0.217012,4,31,0,270.727,5.26373,0.936683,0.595795,0.332648
-267.375,0.998675,0.356909,3,15,0,269.94,4.89394,1.31677,0.509009,0.330758
-270.578,0.878158,0.587103,3,7,0,271.415,4.96252,0.479463,0.440184,0.472656
-271.129,1,1.44407,2,3,0,271.605,5.08761,1.14614,0.715433,0.283038
-271.129,0,20.7738,0,1,1,272.049,5.08761,1.14614,0.715433,0.283038
-271.129,0,3.51079,0,1,1,272.28,5.08761,1.14614,0.715433,0.283038
-270.988,0.999681,0.346277,4,15,0,271.547,4.94543,0.827815,0.509312,0.486154
-270.792,0.991574,0.467934,4,15,0,272.073,5.18759,0.864073,0.623835,0.372643
-269.384,0.442799,0.713593,3,7,0,273.46,5.04846,0.735888,0.49578,0.489486
-270.599,0.989529,0.220406,3,7,0,270.942,5.11154,0.529122,0.500587,0.491428
-269.624,0.998394,0.370938,4,15,0,271.053,5.10462,0.795804,0.601883,0.391128
-270.239,0.935015,0.667927,3,7,0,271.579,5.13917,1.10742,0.670696,0.325096
-267.221,0.798125,1.00795,2,3,0,271.024,4.97365,0.933109,0.465365,0.434288
-267.633,0.937146,0.998302,3,7,0,267.679,4.96663,0.842833,0.430519,0.476765
-267.633,0.000221135,1.54424,1,1,0,269.273,4.96663,0.842833,0.430519,0.476765
-268.287,0.998271,0.125257,5,31,0,269.037,5.04363,0.763538,0.47698,0.483654
-269.261,0.994928,0.23817,4,15,0,270.125,5.07235,1.68917,0.775559,0.203529
-270.069,0.986949,0.447338,3,11,0,272.23,5.03637,1.5488,0.766762,0.0980639
-269.526,1,0.816041,2,7,0,271.786,5.00689,1.20008,0.298729,0.536077
-269.526,2.53104e-08,1.54033,1,1,0,272.473,5.00689,1.20008,0.298729,0.536077
-269.524,0.999806,0.136046,4,15,0,270.086,5.0275,1.20905,0.279408,0.525129
-268.241,0.967949,0.258447,4,15,0,271.978,5.15115,2.33064,0.664059,0.126604
-267.489,1,0.442241,3,7,0,268.462,5.06518,1.68905,0.597225,0.16959
-267.536,0.875612,0.826167,2,3,0,268.576,5.12868,1.51738,0.61569,0.187396
-267.536,0.000203582,1.05813,2,3,0,269.858,5.12868,1.51738,0.61569,0.187396
-267.389,0.999734,0.103725,6,63,0,268.523,5.12183,1.16303,0.61501,0.322227
-268.312,0.992139,0.193308,4,15,0,269.879,5.15724,1.84234,0.670197,0.238594
-267.305,0.999754,0.348907,4,15,0,268.974,4.98839,1.40568,0.467212,0.391003
-267.099,0.995911,0.637354,3,7,0,268.051,5.10437,1.16553,0.614386,0.296792
-267.18,0.962613,1.14013,2,3,0,267.442,5.01904,1.78018,0.509108,0.218435
-267.18,0.00157765,1.8394,1,3,1,267.374,5.01904,1.78018,0.509108,0.218435
-268.867,0.920801,0.202552,3,11,0,270.001,5.1346,1.92086,0.613811,0.283666
-269.761,0.992512,0.293073,3,15,0,271.14,4.9069,0.838389,0.639636,0.330608
-267.765,0.996537,0.512915,3,11,0,271.344,5.08993,0.792744,0.435852,0.441814
-268.277,0.627892,0.89918,3,7,0,270.355,4.96245,0.786725,0.454727,0.493848
-271.105,0.944816,0.578597,3,15,0,273.032,4.91911,0.538948,0.465374,0.526778
-269.04,0.771043,0.874486,3,7,0,274.739,5.18637,1.17176,0.731464,0.245018
-268.877,0.498364,0.828327,2,7,0,271.932,4.98074,1.45605,0.767477,0.193363
-268.933,0.995861,0.383375,4,15,0,270.611,5.10341,1.73926,0.36124,0.405272
-269.194,0.948569,0.657527,3,7,0,270.787,5.03901,1.25193,0.775803,0.19959
-267.537,0.743761,0.989368,2,3,0,270.194,4.95132,1.75295,0.64112,0.22458
-270.835,0.660168,0.874131,2,3,0,271.887,4.69597,1.4807,0.496037,0.38384
-267.177,0.998407,0.625233,3,7,0,271.49,5.0634,1.7579,0.521352,0.296242
-267.177,0.0401031,1.05749,2,3,0,269.609,5.0634,1.7579,0.521352,0.296242
-269.497,0.992251,0.159964,4,15,0,270.645,5.10736,0.958639,0.317199,0.552985
-270.844,0.985728,0.266991,4,15,0,273.848,4.92057,2.83866,0.34949,0.115355
-267.934,0.983041,0.435179,4,15,0,272.79,4.88039,1.98267,0.47124,0.253814
-267.537,0.713689,0.699638,3,7,0,270.385,5.12684,1.38808,0.414936,0.384125
-267.489,0.858436,0.5791,3,7,0,269.124,5.05226,0.99153,0.469975,0.450819
-266.95,0.992023,0.682357,2,3,0,267.726,5.06231,1.08063,0.522491,0.385812
-271.354,0.413051,1.1061,2,3,0,273.469,5.00962,1.79296,0.665914,0.318925
-269.314,0.998191,0.446631,3,15,0,272.889,5.08272,0.827756,0.677832,0.302494
-273.193,0.844127,0.73181,2,7,0,274.312,5.03285,0.315855,0.331691,0.608374
-268.987,0.739543,0.82837,1,3,0,273.636,4.95776,0.606919,0.477823,0.442703
-268.039,0.823205,0.732736,3,7,0,270.503,5.11369,2.28209,0.634354,0.176028
-269.113,0.379205,0.788577,2,7,0,270.081,5.13362,0.570162,0.502109,0.456749
-268.26,0.978553,0.303834,3,15,0,273.355,5.15696,2.33894,0.617444,0.17012
-267.009,0.997001,0.469257,3,7,0,269.144,5.10469,1.81948,0.560942,0.230001
-267.579,0.587988,0.75168,3,7,0,269.434,4.94223,1.46188,0.405449,0.40248
-269.376,0.921301,0.473416,3,7,0,270.582,5.13583,0.788767,0.32866,0.542424
-267.733,0.989547,0.635513,3,7,0,270.757,4.91732,1.77809,0.413202,0.323755
-267.859,0.763368,0.990351,2,7,0,269.095,5.06748,0.820427,0.409358,0.496504
-267.588,0.856804,0.927662,3,7,0,268.8,5.05446,2.21782,0.529612,0.16132
-267.588,0.00481554,1.06931,2,3,0,268.699,5.05446,2.21782,0.529612,0.16132
-267.043,0.984164,0.188796,3,15,0,270.878,5.08729,1.20072,0.57109,0.28118
-266.95,0.999155,0.289686,4,15,0,267.381,5.03518,1.32675,0.528611,0.357809
-266.858,0.997484,0.456897,2,7,0,267.097,5.0102,1.18067,0.562391,0.313982
-267.754,0.962948,0.714217,2,7,0,268.067,5.12542,0.829136,0.452007,0.459042
-267.434,0.320036,1.03124,2,7,0,268.665,5.15768,1.38786,0.620115,0.290178
-268.515,0.985211,0.375091,3,7,0,269.059,4.96878,1.47536,0.653117,0.168542
-267.717,0.998778,0.567452,2,7,0,270.804,4.94539,1.87653,0.509137,0.301699
-269.752,0.878427,0.879359,2,3,0,270.572,5.27544,1.37196,0.775083,0.168491
-269.752,9.65834e-10,1.0529,2,3,0,277.508,5.27544,1.37196,0.775083,0.168491
-270.922,0.966834,0.200346,2,7,0,273.374,5.31273,1.22233,0.780143,0.17419
-267.496,0.984057,0.290002,3,7,0,272.304,5.1479,1.38386,0.653869,0.208305
-267.94,0.890033,0.433276,3,11,0,272.782,5.11944,1.17318,0.579897,0.372401
-268.647,0.927347,0.531131,2,7,0,270.436,5.18716,1.30144,0.754574,0.186291
-266.932,0.97372,0.70126,3,7,0,271.701,5.07629,1.76051,0.556967,0.255794
-266.932,0.0106862,1.01468,2,3,0,272.384,5.07629,1.76051,0.556967,0.255794
-267.756,0.993236,0.207579,4,31,0,269.229,5.05745,1.40268,0.725314,0.203208
-272.021,0.924161,0.313117,4,15,0,274.957,5.24589,3.30965,0.595839,0.0279769
-269.626,0.865231,0.409451,3,7,0,273.272,5.22408,2.50837,0.701755,0.0753787
-267.239,0.999779,0.474674,3,7,0,269.863,5.06826,1.59943,0.678187,0.18913
-266.972,0.935703,0.717915,2,7,0,269.073,5.01206,1.16816,0.587662,0.305994
-269.983,0.383021,0.952663,2,3,0,271.844,5.26597,1.30443,0.712347,0.265976
-269.51,0.998374,0.424713,4,15,0,271.848,5.14061,0.841974,0.479133,0.494097
-266.982,0.432816,0.637011,2,7,0,274.248,4.98699,1.05516,0.451929,0.41695
-269.61,0.953173,0.315899,4,15,0,271.038,5.10524,0.880046,0.306266,0.5621
-268.229,0.980664,0.432904,4,15,0,270.945,5.00845,2.20652,0.539322,0.122658
-268.229,0.07573,0.623741,3,7,0,272.168,5.00845,2.20652,0.539322,0.122658
-269.039,0.997789,0.157151,5,31,0,271.941,5.09836,0.833214,0.630425,0.356623
-269.978,0.99492,0.234241,4,15,0,271.447,4.78101,2.23612,0.524664,0.153885
-270.486,0.97435,0.345972,3,7,0,271.047,4.79874,2.69412,0.610146,0.142655
-268.52,0.93604,0.489695,3,7,0,272.769,4.92749,1.7464,0.70241,0.222511
-267.631,0.984534,0.642717,3,7,0,269.111,4.96117,1.16984,0.4283,0.355186
-267.631,0.00966548,0.921853,2,3,0,270.226,4.96117,1.16984,0.4283,0.355186
-268,0.991728,0.212382,5,31,0,269.6,4.97639,0.805129,0.378026,0.503937
-269.862,0.962073,0.309212,4,15,0,270.763,5.12933,1.55735,0.547799,0.1419
-267.106,1,0.424678,3,7,0,270.058,5.0727,1.87489,0.621181,0.182309
-267.706,0.909989,0.623904,3,7,0,268.123,5.2052,1.5134,0.653128,0.212251
-267.063,0.979107,0.774076,3,7,0,267.95,4.96278,1.65324,0.574053,0.264262
-267.347,0.217083,1.08812,2,3,0,267.941,5.04327,1.96283,0.578238,0.241431
-269.672,0.951432,0.379433,2,7,0,271.664,5.05561,0.923771,0.280391,0.52896
-269.672,0.0170268,0.507211,3,7,0,273.765,5.05561,0.923771,0.280391,0.52896
-268.354,0.427185,1.22161,2,3,0,270.152,5.19613,1.82407,0.660398,0.235541
-268.124,0.993747,0.332717,3,7,0,269.123,5.23634,1.73827,0.601947,0.239881
-269.267,0.924218,0.390711,3,7,0,271.487,5.27584,1.99248,0.552303,0.150063
-267.938,0.864049,0.463002,3,7,0,269.871,5.11561,1.36542,0.377864,0.420457
-268.556,0.123003,0.505003,3,7,0,270.533,5.18506,1.70349,0.506874,0.342542
-267.193,0.999976,0.0597071,6,63,0,269.11,5.12101,0.993392,0.553204,0.355851
-267.826,0.997545,0.103361,5,31,0,269.086,4.95386,0.838335,0.493183,0.393249
-267.422,0.997541,0.185205,2,7,0,268.113,4.97542,0.867011,0.510265,0.397176
-270.976,0.79395,0.340111,3,15,0,272.669,5.26329,0.834148,0.616495,0.375291
-269.27,0.946195,0.332417,3,7,0,273.474,4.88689,2.53706,0.638911,0.123992
-269.685,0.949265,0.529146,1,1,0,269.837,4.87929,2.63698,0.652593,0.111828
-268.681,0.329851,0.852464,2,3,0,272.732,4.93126,0.894884,0.57113,0.403339
-268.176,0.994812,0.196758,4,15,0,271.114,4.98466,0.662958,0.460044,0.475039
-267.087,0.985829,0.367693,3,7,0,269.779,5.01184,1.74587,0.631153,0.208092
-268.693,0.673271,0.664854,2,7,0,269.066,5.05007,1.4756,0.620531,0.338708
-268.202,0.977041,0.456554,2,7,0,268.875,5.04441,1.37179,0.669929,0.296514
-267.928,0.944174,0.798101,2,7,0,269.091,5.03191,1.30627,0.714589,0.236312
-267.928,3.01888e-11,1.25325,1,1,0,269.54,5.03191,1.30627,0.714589,0.236312
-267.027,0.999676,0.114412,4,31,0,269.028,5.04814,1.26442,0.623836,0.262622
-268.54,0.994505,0.214068,4,15,0,268.892,5.00735,1.38485,0.750695,0.176081
-267.76,0.922293,0.390649,3,11,0,270.513,5.06914,1.56212,0.39214,0.323558
-267.817,0.67198,0.57134,3,7,0,268.706,5.13547,1.57222,0.493367,0.357503
-268.846,0.939068,0.401203,3,7,0,269.67,5.0675,1.40477,0.411861,0.277488
-268.846,0.118781,0.612093,2,3,0,275.158,5.0675,1.40477,0.411861,0.277488
-270.491,0.99618,0.088997,5,31,0,273.763,4.79423,2.19171,0.623135,0.244437
-269.754,0.999545,0.160582,5,31,0,271.525,5.2419,0.721256,0.411551,0.4945
-272.478,0.972643,0.289627,3,7,0,273.443,5.34892,0.740427,0.431874,0.41966
-268.098,0.996618,0.479907,3,7,0,274.304,5.03743,1.7834,0.660783,0.258937
-268.467,0.767908,0.842496,2,3,0,269.208,5.06853,2.39135,0.707244,0.112587
-268.075,0.877936,0.78324,3,7,0,268.918,4.94679,0.808295,0.380799,0.490055
-269.823,0.132848,0.98294,2,3,0,273.889,5.16347,2.02355,0.709994,0.234745
-269.373,0.998541,0.16515,3,7,0,270.345,5.16341,1.92025,0.698986,0.242569
-268.823,0.931125,0.28862,3,11,0,272.436,5.13021,2.67699,0.516852,0.172573
-269.377,0.763377,0.418078,4,15,0,271.671,5.01983,0.503277,0.435693,0.517832
-271.163,0.899223,0.387303,4,15,0,274.331,5.27758,0.689102,0.596185,0.328905
-270.604,0.980897,0.511975,2,7,0,272.983,5.13942,0.53631,0.343166,0.578081
-270.604,0.63,0.832427,2,7,0,271.015,5.13942,0.53631,0.343166,0.578081
-267.909,0.520703,0.545441,3,7,0,271.267,5.14454,1.33578,0.706485,0.191337
-267.688,0.99704,0.272224,4,15,0,268.964,5.00007,2.16741,0.564676,0.223097
-267.623,0.882953,0.458099,3,7,0,269.947,4.99498,1.35125,0.678107,0.223017
-267.623,0.339423,0.574353,3,7,0,271.335,4.99498,1.35125,0.678107,0.223017
-267.425,0.994448,0.185157,5,31,0,268.857,5.18389,1.71243,0.589847,0.215503
-267.442,0.949188,0.306859,4,15,0,271.283,5.02926,0.838686,0.434124,0.467681
-268.818,0.813512,0.451703,2,3,0,269.061,5.03445,0.671906,0.405477,0.539485
-267.867,0.969698,0.474911,3,7,0,271.508,5.19867,1.58546,0.528782,0.31418
-269.613,0.225603,0.728341,2,3,0,271.402,5.20917,1.75719,0.698376,0.2565
-269.13,0.999774,0.185396,4,15,0,270.249,5.15933,1.42678,0.736257,0.244888
-269.594,0.95209,0.305638,2,7,0,272.265,5.25648,1.13696,0.670277,0.304283
-270.021,0.97911,0.446879,3,15,0,271.248,5.12094,1.52555,0.659357,0.323529
-269.628,0.87916,0.692765,2,7,0,270.853,5.06147,1.53136,0.716824,0.270552
-269.631,0.661988,0.844877,2,7,0,271.074,5.17722,1.46211,0.785627,0.19978
-270.217,0.574864,0.620085,3,7,0,271.915,5.11758,1.80071,0.702146,0.0692229
-271.343,1,0.373568,4,15,0,272.676,5.06295,1.08046,0.759188,0.238655
-269.57,0.451338,0.601259,4,15,0,273.515,5.25723,1.27485,0.634303,0.329757
-268.629,0.983614,0.275027,3,11,0,273.559,5.10467,1.25455,0.632845,0.342485
-268.945,0.988313,0.424719,3,7,0,270.36,4.94923,0.59955,0.478213,0.48135
-268.276,0.873732,0.659264,2,3,0,269.056,4.94133,0.693003,0.44638,0.484545
-268.874,1,0.787393,2,3,0,269.352,4.99755,0.609992,0.478334,0.434285
-268.874,0.215426,1.24296,1,3,0,269.333,4.99755,0.609992,0.478334,0.434285
-268.426,0.963816,0.343746,4,15,0,271.313,5.25747,1.33762,0.508479,0.306339
-268.85,0.49739,0.500795,3,7,0,271.38,5.25159,1.64691,0.647353,0.148938
-267.496,0.995078,0.261868,4,15,0,269.915,5.10373,2.10598,0.616884,0.18499
-268.22,0.950458,0.407147,2,7,0,270.019,5.15261,2.06024,0.709417,0.171402
-267.501,0.928359,0.571866,3,7,0,268.698,5.08392,1.95738,0.538404,0.168598
-268.537,0.656017,0.762963,3,7,0,269.711,5.12467,1.15699,0.437675,0.468731
-268.152,0.628353,0.566789,2,7,0,270.06,5.15473,2.18796,0.688971,0.148712
-266.883,0.996867,0.398294,3,7,0,268.521,5.01074,1.18704,0.454836,0.401253
-266.975,0.924373,0.612405,3,7,0,268.868,5.03613,1.48907,0.612044,0.278685
-267.847,0.870797,0.804653,3,7,0,267.904,4.97009,1.59834,0.677049,0.178355
-267.831,0.693171,0.942352,2,3,0,270.197,4.98285,0.867553,0.547932,0.409347
-267.532,0.990815,0.761329,3,7,0,268.125,5.05681,1.93351,0.608209,0.242504
-267.532,0.0721665,1.14133,2,7,1,270.528,5.05681,1.93351,0.608209,0.242504
-269.14,0.983092,0.257048,3,15,0,269.784,5.14451,1.33165,0.789693,0.185823
-266.954,0.987544,0.379805,3,7,0,269.265,5.05464,1.4544,0.619319,0.228097
-266.803,0.98741,0.564004,3,7,0,267.697,5.10827,1.4521,0.552534,0.291461
-266.803,0.100814,0.833914,3,7,0,269.589,5.10827,1.4521,0.552534,0.291461
-266.987,0.978581,0.205359,3,15,0,268.213,5.09963,1.38351,0.535878,0.338203
-267.53,0.977093,0.298608,2,7,0,268.115,5.05049,1.38969,0.470055,0.40167
-269.015,0.881517,0.431288,3,7,0,269.718,4.94151,1.55492,0.372396,0.291418
-269.047,0.219641,0.513274,3,7,0,271.391,4.97894,1.35944,0.312431,0.39681
-267.869,0.998909,0.164663,4,31,0,271.28,5.01119,0.823425,0.416072,0.500582
-267.791,0.980062,0.247612,4,15,0,269.437,5.06013,0.930768,0.515653,0.336196
-267.647,0.963004,0.357435,2,7,0,269.831,5.08563,1.22881,0.694828,0.236825
-267.205,0.944428,0.49734,3,7,0,268.635,5.00438,0.935906,0.451146,0.447179
-267.205,0.616952,0.665414,2,7,0,270.189,5.00438,0.935906,0.451146,0.447179
-267.842,0.94166,0.471599,3,7,0,268.952,4.91877,1.31453,0.61422,0.253878
-269.501,0.161183,0.626047,3,7,0,273.439,5.00931,1.5535,0.812555,0.16099
-271.949,0.994206,0.186032,4,23,0,274.123,5.00751,1.16074,0.541658,0.454441
-272.397,0.98693,0.27339,3,15,0,274.432,5.0377,1.22837,0.644563,0.354806
-273.109,0.975648,0.394879,3,15,0,273.607,5.09019,1.16927,0.608435,0.391145
-275.492,0.842689,0.55649,3,7,0,276.696,5.05764,1.67568,0.888806,0.111049
-273.916,1,0.608874,2,3,0,275.679,5.08257,1.70308,0.853192,0.146499
-271.344,0.33953,0.89366,3,7,0,276.062,5.08408,1.25626,0.592374,0.403202
-272.599,0.942204,0.381556,3,15,0,274.784,4.93962,2.3405,0.78145,0.024669
-268.141,0.992707,0.502356,3,7,0,273.706,4.96037,1.73763,0.565941,0.31966
-266.712,0.875236,0.724405,2,3,0,268.316,5.00975,1.34489,0.508623,0.314088
-266.856,0.871075,0.838844,2,3,0,267.013,4.98506,1.56229,0.48819,0.298608
-266.856,5.43046e-13,0.962773,2,3,0,272.285,4.98506,1.56229,0.48819,0.298608
-267.12,0.991605,0.225012,3,7,0,267.33,4.97074,1.85448,0.522782,0.253683
-269.27,0.644998,0.322884,2,7,0,271.873,5.0584,0.986809,0.616589,0.374851
-270.616,0.949201,0.246612,3,7,0,271.236,5.09082,0.864272,0.689327,0.306947
-268.63,1,0.326718,3,7,0,270.991,5.07111,1.15279,0.680794,0.302337
-268.913,0.977882,0.47311,2,7,0,269.121,5.0933,1.07557,0.672526,0.314849
-267.514,0.911022,0.656553,2,7,0,268.566,5.12811,1.42602,0.468606,0.28631
-268.117,0.796861,0.806667,3,7,0,268.793,5.01658,0.982768,0.643073,0.325092
-267.79,0.33336,0.807974,2,3,0,268.971,4.94845,0.829171,0.510373,0.397218
-270.07,0.88419,0.356573,4,15,0,272.366,5.30971,0.845655,0.515293,0.417528
-269.319,0.900917,0.417823,4,15,0,273.426,5.11371,0.582325,0.552155,0.421446
-268.65,0.966155,0.503548,2,3,0,271.071,5.04766,0.633843,0.430819,0.518996
-268.49,0.866808,0.679179,3,7,0,270.789,4.8965,1.95432,0.676515,0.181018
-268.858,0.461596,0.768776,3,7,0,270.226,5.16822,1.21723,0.756309,0.210145
-267.503,0.9392,0.430415,1,3,0,270.013,5.11556,1.4986,0.70696,0.211384
-267.282,0.926048,0.552532,2,7,0,268.319,4.97248,1.62526,0.617387,0.262061
-268.854,0.336586,0.692113,3,7,0,270.369,5.02021,1.44077,0.319234,0.38282
-268.458,1,0.31479,4,15,0,269.902,5.10803,0.92032,0.667595,0.299707
-268.225,0.984591,0.447608,3,7,0,269.831,4.93734,1.51347,0.594369,0.332109
-271.135,0.956884,0.618384,3,7,0,271.72,4.97064,0.434528,0.518541,0.465425
-271.135,1.67846e-09,0.813159,2,3,0,276.365,4.97064,0.434528,0.518541,0.465425
-271.43,0.998719,0.211541,2,3,0,271.617,4.97293,0.404794,0.50395,0.481244
-270.539,0.982996,0.299029,4,15,0,273.709,4.76642,0.800097,0.409904,0.448783
-269.976,0.666341,0.41067,3,7,0,272.441,4.80684,0.888094,0.436263,0.5097
-268.683,1,0.331247,3,7,0,271.192,5.04562,2.16074,0.63933,0.23654
-268.006,0.839321,0.466778,3,7,0,270.664,4.88496,1.99931,0.447609,0.257865
-267.989,0.979782,0.502403,3,7,0,268.946,4.99078,2.3967,0.571736,0.179395
-273.664,0.276496,0.682031,3,7,0,277.472,4.66467,0.685045,0.482323,0.443914
-267.129,0.990624,0.289372,3,15,0,274.547,4.97231,1.31182,0.592429,0.311597
-268.462,0.917645,0.399801,3,11,0,270.423,5.14244,2.19793,0.430675,0.203808
-269.61,0.961851,0.489002,3,7,0,270.586,5.16597,2.11635,0.347535,0.287513
-269.198,0.252095,0.642033,2,7,0,272.617,5.05397,1.32192,0.309761,0.500703
-270.589,0.998129,0.264813,4,15,0,273.038,4.77066,2.68228,0.537736,0.186419
-269.319,0.98582,0.368842,2,3,0,271.261,4.77527,1.98852,0.445277,0.302058
-268.773,0.979452,0.502505,3,15,0,270.738,5.29056,1.456,0.572635,0.259583
-268.686,0.822113,0.676234,2,7,0,270.385,5.24593,1.18143,0.643812,0.300956
-268.475,0.857434,0.705266,3,7,0,269.195,5.26171,1.48173,0.630603,0.262382
-268.039,0.849574,0.778157,2,7,0,269.152,5.22426,1.29132,0.485846,0.362425
-268.039,7.11475e-07,0.847322,1,1,0,269.683,5.22426,1.29132,0.485846,0.362425
-267.291,0.988305,0.238353,4,15,0,268.935,5.07784,1.98236,0.623095,0.199737
-268.481,0.936447,0.324498,2,7,0,272.029,5.20499,1.49096,0.701971,0.15392
-268.034,0.996375,0.406175,3,7,0,268.932,5.14864,1.25529,0.6668,0.20285
-267.373,0.892718,0.558032,2,3,0,269.697,5.1399,1.54549,0.667757,0.234424
-267.779,0.983729,0.650044,3,7,0,268.896,4.90141,1.46497,0.524559,0.257987
-269.583,0.300668,0.87254,3,7,0,271.682,5.09429,1.58771,0.738367,0.247628
-268.065,0.967011,0.401909,4,15,0,270.917,4.86191,1.03587,0.499726,0.410337
-271.412,0.846541,0.525407,3,7,0,273.178,4.75078,2.86363,0.514885,0.0949916
-268.423,0.99766,0.568674,2,3,0,271.421,4.88407,1.87719,0.513831,0.316204
-267.256,1,0.777471,2,3,0,268.235,4.96649,1.81566,0.521541,0.283189
-269.764,0.0611267,1.06478,2,3,0,272.278,4.96333,0.867126,0.676407,0.275184
-267.722,0.951434,0.342857,4,15,0,271.758,4.90956,1.4947,0.389389,0.384756
-268.63,0.88357,0.436044,3,7,0,269.723,5.25896,2.03007,0.558182,0.200733
-269.52,0.871813,0.499122,3,11,0,269.75,4.8395,0.744978,0.511185,0.446204
-268.375,1,0.560711,3,7,0,270.125,5.17204,2.34428,0.601242,0.113917
-268.375,0.0192742,0.76508,2,3,0,270.388,5.17204,2.34428,0.601242,0.113917
-266.811,0.999839,0.235214,4,15,0,269.348,5.0303,1.69753,0.550359,0.239169
-269.949,0.969566,0.321081,3,7,0,270.576,4.96106,0.662612,0.600839,0.350659
-268.585,0.996443,0.417973,3,7,0,270.678,5.03309,0.867143,0.557056,0.311588
-270.673,0.997501,0.565706,3,7,0,271.158,4.97889,0.472879,0.537818,0.432687
-267.804,0.756219,0.765555,3,7,0,271.107,4.88645,1.19885,0.571285,0.327682
-267.554,0.790673,0.720802,2,3,0,268.852,4.97201,0.950211,0.527703,0.41415
-268.543,0.899829,0.714701,3,7,0,270.011,5.09282,2.04171,0.547023,0.292233
-268.985,1,0.833666,2,3,0,270.218,5.18338,1.31785,0.736726,0.154421
-269.251,0.251717,1.12732,2,3,0,271.018,5.17979,0.731521,0.618913,0.345635
-269.14,0.761486,0.502831,2,3,0,270.801,5.154,0.74956,0.504802,0.363814
-267.343,1,0.478036,4,15,0,270.498,5.02243,1.8895,0.464013,0.29361
-269.764,0.135525,0.645783,3,7,0,270.486,5.01163,1.46918,0.48028,0.443985
-268.048,0.994972,0.244823,3,15,0,270.85,4.96756,1.96347,0.386549,0.282832
-267.634,0.997334,0.328356,3,15,0,269.429,5.01291,1.42771,0.701655,0.210684
-268.533,0.939582,0.441212,3,15,0,270.482,4.86646,1.75341,0.386048,0.375585
-267.678,0.420186,0.544172,2,7,0,271.618,5.1228,0.973792,0.62286,0.311266
-274.216,0.931276,0.315278,3,7,0,276.952,4.89429,0.384576,0.346012,0.645595
-270.278,1,0.384101,3,7,0,275.008,4.93678,2.17306,0.752285,0.0693766
-269.957,1,0.516262,1,1,0,270.359,4.94762,2.12667,0.745203,0.0752991
-268.375,0.756102,0.692822,2,7,0,271.757,5.01397,1.8557,0.674018,0.248555
-268.092,0.953881,0.6538,3,7,0,270,5.13818,0.962231,0.642239,0.318587
-267.117,0.440593,0.819496,2,7,0,268.4,5.09838,1.21467,0.552692,0.358788
-270.837,0.975857,0.492424,3,7,0,272.277,4.99969,0.762647,0.691757,0.29672
-268.881,0.285714,0.636587,3,7,0,274.634,5.2248,0.874847,0.429485,0.468411
-267.367,0.943546,0.307841,3,11,0,273.023,5.1654,1.6231,0.595799,0.263185
-268.457,0.864255,0.380074,3,7,0,270.924,4.99254,0.862952,0.348547,0.536322
-270.712,0.738518,0.418977,3,7,0,272.669,5.0687,2.38923,0.817907,0.14376
-271.432,0.984346,0.386524,2,3,0,271.763,5.08908,2.54259,0.845926,0.120434
-269.775,0.590561,0.504348,3,7,0,272.441,5.02763,2.20589,0.772043,0.175786
-267.645,0.960261,0.377901,3,7,0,271.625,5.14011,1.61231,0.695161,0.162745
-267.012,0.989731,0.476116,3,7,0,267.957,4.9791,1.37309,0.468882,0.316406
-268.268,0.640548,0.624379,2,3,0,268.782,5.13098,1.03555,0.680704,0.285238
-269.505,0.900189,0.502404,3,7,0,270.931,5.1264,2.46094,0.381604,0.174995
-270.506,0.424325,0.580809,2,3,0,272.627,5.16448,2.89409,0.467433,0.0584424
-269.359,0.997142,0.346569,3,7,0,271.272,5.17739,2.63325,0.520823,0.0879455
-269.162,0.952616,0.458309,3,15,0,270.49,5.049,0.786877,0.624501,0.362856
-268.95,0.882852,0.569146,3,7,0,272.808,4.92167,2.19666,0.529612,0.283182
-268.578,1,0.641319,2,3,0,269.528,4.95949,2.04407,0.585398,0.275292
-268.538,0.334622,0.848473,2,3,0,269.75,5.02443,1.9121,0.70853,0.222122
-268.673,0.965364,0.449968,3,7,0,271.304,5.1368,1.80817,0.597904,0.120126
-268.894,0.82333,0.567463,2,7,0,271.534,5.17053,1.11978,0.729045,0.20227
-268.097,0.968671,0.588826,3,7,0,269.907,5.09332,0.946074,0.650856,0.284282
-269.332,0.865927,0.744648,2,3,0,271.124,5.18766,2.40949,0.737302,0.132401
-269.332,0.00101045,0.818069,2,3,0,273.33,5.18766,2.40949,0.737302,0.132401
-267.382,0.999489,0.278,3,15,0,269.474,5.0696,0.945447,0.417213,0.432093
-267.368,0.911672,0.366562,3,15,0,269.262,4.96432,1.23572,0.59835,0.272986
-268.792,0.953915,0.428758,3,7,0,269.15,5.11812,1.85322,0.80727,0.135835
-268.792,0.0385456,1.06097,2,3,0,270.808,5.11812,1.85322,0.80727,0.135835
-268.792,0,2.65728,0,1,1,269.497,5.11812,1.85322,0.80727,0.135835
-268.362,0.986285,0.267505,3,15,0,270.474,5.12707,1.37455,0.648886,0.169869
-268.241,0.936066,0.271813,4,15,0,272.039,4.92369,0.801513,0.500587,0.450591
-267.97,0.997721,0.307731,3,15,0,269.527,4.86164,1.77646,0.498291,0.249871
-270.001,0.945227,0.475667,2,3,0,270.297,4.88552,2.8796,0.625758,0.115242
-267.236,0.925062,0.682399,2,3,0,269.655,4.96904,1.52424,0.623223,0.263672
-269.571,0.452496,0.962347,2,3,0,271.65,5.27494,2.17547,0.63965,0.097928
-267.421,0.988884,0.315483,3,15,0,271.004,4.95394,1.56862,0.6415,0.240569
-267.447,0.956696,0.563171,3,7,0,268.348,4.93476,1.73287,0.459265,0.266548
-267.447,0.0433696,0.920598,2,3,0,269.577,4.93476,1.73287,0.459265,0.266548
-267.413,1,0.0845917,6,63,0,267.969,5.18999,1.31524,0.576559,0.295432
-267.292,0.994293,0.16113,4,15,0,268.084,5.01829,1.49814,0.560055,0.331898
-267.947,0.988029,0.301836,3,15,0,268.412,5.12658,0.982037,0.524936,0.318271
-269.846,0.267421,0.553195,3,7,0,271.066,5.2126,1.12052,0.682017,0.306713
-268.886,0.991348,0.108224,5,31,0,272.553,5.00828,2.14144,0.602783,0.0905953
-270.834,0.905879,0.201286,3,7,0,273.955,4.97037,1.89489,0.583618,0.0813351
-269.215,1,0.286415,3,7,0,273.179,4.89975,2.04103,0.736614,0.144127
-268.655,0.941806,0.539993,3,7,0,271.037,5.15592,1.11705,0.724592,0.242352
-268.828,0.749806,0.847037,2,3,0,269.486,5.12261,0.965541,0.704836,0.251102
-268.327,0.171696,0.744621,3,7,0,273.948,5.25229,1.82433,0.561338,0.22926
-269.996,0.995962,0.118807,4,31,0,271.018,5.34647,1.35532,0.542091,0.284222
-266.913,0.992688,0.21919,3,11,0,271.413,5.03559,1.41378,0.574131,0.314278
-266.971,0.993688,0.396632,4,15,0,267.329,5.0819,1.09406,0.519947,0.384493
-270.807,0.670558,0.712818,2,3,0,272.625,5.01544,2.63455,0.804174,0.123119
-269.214,1,0.503937,3,7,0,271.729,5.09371,1.62297,0.819903,0.114277
-272.842,0.294543,0.911399,2,3,0,273.555,5.14063,2.1331,0.910019,0.0857511
-272.345,0.991411,0.225007,4,15,0,275.772,4.85047,1.55142,0.668378,0.114954
-268.952,1,0.396141,2,3,0,272.567,4.92773,1.54462,0.714101,0.246924
-267.272,0.750577,0.707468,3,7,0,270.147,5.05878,1.45601,0.674785,0.205331
-267.958,0.767863,0.632009,3,7,0,268.747,5.14868,1.77907,0.712155,0.201467
-267.928,0.992563,0.592842,2,7,0,268.742,5.01377,1.77221,0.533292,0.170912
-269.244,1,1.0197,1,1,0,269.823,4.98494,2.47954,0.550883,0.0765298
-269.244,1.0562e-05,1.77338,2,3,0,272.694,4.98494,2.47954,0.550883,0.0765298
-267.612,0.999106,0.215873,3,7,0,269.63,4.97191,1.8686,0.653279,0.211051
-267.401,0.961823,0.375841,3,15,0,268.712,4.90815,1.43406,0.453822,0.324317
-269.939,0.64431,0.5885,2,7,0,270.373,4.7377,1.58462,0.484458,0.369125
-267.616,0.963701,0.40225,2,7,0,272.816,4.97192,1.11991,0.437512,0.356405
-267.616,0.0148357,0.628104,2,3,0,270.908,4.97192,1.11991,0.437512,0.356405
-267.767,1,0.0867325,5,63,0,268.485,5.17429,1.18904,0.582672,0.347905
-268.474,0.997926,0.149145,4,15,0,269.12,5.2403,0.975327,0.483464,0.398918
-267.16,0.99822,0.253052,3,7,0,268.849,5.13062,1.1542,0.469951,0.364903
-267.397,0.998363,0.426285,3,7,0,267.64,5.11191,1.20183,0.419021,0.419339
-267.346,0.362707,0.712859,2,7,0,268.956,4.95616,1.03414,0.41936,0.414225
-268.592,0.958449,0.248222,4,15,0,269.314,5.26329,1.31121,0.646809,0.268151
-267.439,0.99976,0.375197,3,7,0,269.314,4.95665,1.31923,0.622944,0.256118
-268.53,0.926175,0.623115,2,3,0,268.751,4.88788,1.2174,0.648656,0.275973
-271.231,0.305153,0.860805,1,1,0,271.736,4.90149,0.972289,0.730388,0.250705
-268.809,0.999295,0.268498,3,7,0,272.094,4.91419,1.18661,0.662067,0.305706
-269.229,0.943301,0.441691,3,7,0,270.038,5.13076,1.59994,0.413916,0.428108
-268.241,0.20572,0.632462,3,7,0,269.748,5.07689,2.11129,0.446495,0.297996
-267.668,0.995467,0.160256,4,15,0,269.298,5.07802,2.17393,0.538807,0.228341
-268.547,0.983133,0.259521,4,15,0,270.099,5.01505,0.836565,0.609777,0.368926
-268.104,0.957023,0.405872,3,7,0,270.623,5.04214,2.00401,0.684031,0.210014
-267.832,0.93613,0.59434,2,3,0,269.08,5.01635,1.75927,0.72683,0.166533
-267.832,0.12995,0.825733,2,3,0,269.42,5.01635,1.75927,0.72683,0.166533
-270.011,0.987914,0.183598,3,7,0,270.201,4.95146,2.15172,0.802622,0.0876144
-269.369,0.999435,0.287514,3,15,0,271.415,5.19885,1.03053,0.364468,0.506415
-267.214,1,0.459438,2,3,0,269.581,5.15459,1.33137,0.503488,0.3099
-267.996,0.815394,0.730866,3,7,0,270.077,4.861,1.6259,0.430206,0.357165
-267.872,0.631376,0.768364,3,7,0,270.413,5.22266,1.27459,0.601644,0.270432
-268.593,0.965402,0.538492,3,7,0,269.723,4.95814,1.68687,0.735811,0.148157
-268.593,0.154821,0.786779,3,7,0,271.53,4.95814,1.68687,0.735811,0.148157
-269.255,0.997112,0.196365,3,7,0,269.415,4.91168,1.62699,0.750334,0.158823
-267.738,1,0.30765,3,7,0,269.479,4.93147,1.4675,0.653615,0.240097
-267.75,0.978589,0.482496,3,7,0,268.249,4.95294,1.17125,0.630205,0.309886
-268.994,0.414512,0.719151,2,7,0,270.382,5.07601,1.15282,0.532875,0.240065
-267.076,1,0.32163,2,3,0,269.007,5.06671,1.08664,0.579541,0.30568
-267.064,0.977993,0.50042,3,7,0,268.726,5.05925,1.79577,0.5513,0.267964
-268.838,0.214479,0.739758,2,3,0,270.885,5.01841,1.84851,0.730323,0.221246
-269.798,0.988923,0.220505,3,7,0,270.16,4.99555,1.54551,0.523408,0.160571
-267.008,1,0.333477,2,3,0,269.762,5.00988,1.83902,0.559274,0.244379
-267.387,0.924191,0.51373,2,3,0,268.09,5.00219,1.95071,0.55471,0.175157
-267.257,0.909333,0.673953,3,7,0,268.433,5.09553,0.88447,0.499431,0.398428
-268.155,0.705101,0.855184,3,7,0,268.629,4.89327,0.857123,0.421326,0.444701
-267.988,0.170056,0.713947,3,7,0,271.326,5.04664,1.00216,0.633007,0.33704
-269.907,0.98821,0.201809,3,11,0,270.965,5.06606,1.58113,0.646091,0.331374
-269.135,0.977548,0.30092,4,15,0,271.541,5.12041,1.0407,0.571532,0.41089
-266.984,0.963903,0.437426,3,7,0,269.2,5.12167,1.26116,0.583703,0.280367
-269.605,0.641727,0.61644,2,3,0,270.999,4.83319,1.05994,0.575968,0.392015
-269.768,0.821824,0.45634,3,7,0,273.879,5.31534,1.81669,0.738459,0.135111
-270.421,0.917624,0.483762,3,7,0,272.917,5.21529,1.4882,0.812563,0.0965976
-269.733,0.741033,0.61888,2,7,0,272.276,5.23207,1.94648,0.820215,0.125995
-268.487,0.59787,0.558831,3,7,0,273.498,4.99576,0.660057,0.446345,0.506206
-267.501,1,0.382034,3,7,0,269.097,5.03863,2.07004,0.644494,0.151507
-266.891,0.910797,0.572019,3,7,0,269.902,5.06193,1.44057,0.625102,0.240067
-268.018,0.865881,0.718168,2,3,0,268.288,5.03983,2.29093,0.660531,0.120229
-268.018,0.0611418,0.825274,2,3,0,270.813,5.03983,2.29093,0.660531,0.120229
-271.269,0.957112,0.202913,4,15,0,272.746,5.05348,0.470179,0.494902,0.500056
-269.351,0.974557,0.278658,3,7,0,272.483,5.01762,0.644282,0.406066,0.553405
-269.664,0.975692,0.394412,3,7,0,271.934,4.97792,0.517394,0.494833,0.450802
-267.166,0.964172,0.557695,2,7,0,270.859,5.09894,1.47235,0.666122,0.2371
-267.586,0.708759,0.769292,2,3,0,268.303,5.13032,0.976113,0.605466,0.334377
-267.586,0.377977,0.6559,2,3,0,269.695,5.13032,0.976113,0.605466,0.334377
-270.868,0.944216,0.302213,3,15,0,272.761,4.71012,1.35571,0.458031,0.435275
-270.735,0.849579,0.401042,2,7,0,273.484,4.85124,1.80932,0.611154,0.33195
-269.879,0.884125,0.445675,3,15,0,272.691,5.12355,2.75785,0.630711,0.04443
-270.585,0.722247,0.527299,2,7,0,273.909,5.24792,1.12425,0.780865,0.165963
-269.898,0.387778,0.463002,3,15,0,274.052,5.04974,2.85468,0.360892,0.16111
-268.012,0.999212,0.220984,4,15,0,271.006,4.89131,1.31744,0.373168,0.438408
-268.676,0.878192,0.32252,3,15,0,270.674,4.93199,0.776583,0.517064,0.377099
-268.104,0.96326,0.376893,3,15,0,270.669,4.90931,0.779731,0.443355,0.459234
-269.487,0.890773,0.512788,3,7,0,271.461,4.801,1.36356,0.632099,0.278666
-273.476,0.449977,0.610966,2,5,0,275.978,5.42123,1.17797,0.578041,0.390498
-273.607,0.994175,0.330346,3,7,0,275.387,5.39302,1.00096,0.506225,0.465732
-269.575,1,0.473358,3,7,0,274.119,5.18137,0.945124,0.493458,0.472981
-269.384,0.754369,0.683369,3,7,0,272.793,5.07939,1.14692,0.764298,0.175891
-268.22,0.750702,0.637143,2,3,0,271.862,5.00774,2.32109,0.668156,0.15616
-267.476,1,0.590514,3,7,0,268.793,5.08685,0.86908,0.513102,0.424923
-267.476,0.221452,0.848077,2,3,0,268.213,5.08685,0.86908,0.513102,0.424923
-267.918,0.968967,0.311453,4,15,0,269.553,5.05067,2.17599,0.640415,0.197304
-268.217,0.927368,0.423598,3,7,0,270.553,5.02222,0.871847,0.562289,0.412181
-268.315,0.5635,0.53475,2,7,0,270.305,5.05457,1.40196,0.649277,0.31486
-268.623,0.980148,0.359281,2,7,0,270.246,5.06116,1.25034,0.709699,0.27122
-269.958,0.977761,0.496118,3,7,0,270.698,4.97728,2.11375,0.699556,0.0659767
-268.914,0.557118,0.680633,2,7,0,271.12,5.04435,2.64458,0.663221,0.0832592
-268.698,0.745445,0.453854,3,7,0,272.841,4.821,1.97763,0.498714,0.218591
-270.443,0.550461,0.418307,3,7,0,273.027,4.87372,0.779191,0.575437,0.414367
-268.402,0.905308,0.277064,3,7,0,273.67,5.00481,0.815229,0.556767,0.337823
-267.418,1,0.335398,3,7,0,268.812,5.01497,1.17121,0.452392,0.437815
-275.359,0.722687,0.475601,3,7,0,276.026,5.33497,0.77557,0.680717,0.318602
-272.388,0.994649,0.422263,3,7,0,275.787,5.19373,1.11924,0.56606,0.431
-270.275,0.652478,0.591471,3,7,0,274.251,4.86984,0.742877,0.563405,0.354128
-270.476,0.798699,0.467113,3,15,0,273.215,4.78109,0.685856,0.3845,0.54018
-267.688,1,0.471132,3,7,0,271.527,5.00429,1.09458,0.641169,0.273234
-269.603,0.73185,0.663174,3,7,0,270.859,4.98147,0.4954,0.44231,0.518757
-270.196,0.778941,0.598209,3,7,0,272.928,5.28482,1.58437,0.761404,0.20816
-268.618,0.448407,0.583461,3,7,0,272.478,4.89495,1.18542,0.581852,0.26289
-267.626,0.997625,0.331022,4,15,0,269.662,5.13123,2.01768,0.633546,0.200677
-268.226,0.661176,0.462512,2,7,0,269.494,5.10927,1.87759,0.577649,0.292142
-267.962,0.99289,0.372746,3,15,0,269.914,5.03074,0.889031,0.448728,0.486501
-268.687,0.862741,0.515447,3,7,0,270.684,5.15217,2.1455,0.724897,0.171707
-268.951,1,0.57618,2,3,0,269.467,5.20497,1.9449,0.737771,0.186941
-267.073,0.700971,0.803071,3,7,0,269.042,5.0023,1.01431,0.550732,0.365104
-268.896,0.816964,0.690583,2,3,0,269.67,4.86552,0.932969,0.583019,0.363912
-267.913,1,0.715842,1,1,0,268.78,4.90776,0.953422,0.549797,0.373477
-269.634,0.759025,0.993795,2,3,0,270.112,5.17205,1.95638,0.553877,0.10081
-268.798,0.595642,0.938006,3,7,0,271.007,5.01527,2.04961,0.777118,0.144056
-268.579,0.57922,0.683315,2,7,0,269.393,5.06251,1.72939,0.785994,0.124137
-266.859,0.927602,0.485956,3,7,0,269.741,5.01206,1.73714,0.538908,0.24368
-267.525,0.746268,0.600033,2,7,0,270.553,5.06057,1.12685,0.659202,0.282881
-268.045,0.827075,0.556311,3,7,0,269.288,5.14108,1.10855,0.620042,0.245165
-270.774,0.900968,0.585701,2,3,0,271.667,5.12661,0.503625,0.433258,0.549454
-267.358,0.797571,0.69191,2,3,0,271.019,5.08003,0.842428,0.506911,0.396719
-268.329,0.837637,0.695013,2,3,0,268.91,5.00883,0.769179,0.586835,0.356329
-268.257,0.130523,0.742935,2,3,0,270.184,5.01974,1.01273,0.456498,0.338693
-268.021,1,0.26546,4,15,0,269.217,4.96422,1.64508,0.641347,0.27969
-270.467,0.909748,0.365523,2,3,0,271.156,4.92281,1.28874,0.450381,0.245942
-270.724,0.148153,0.437155,3,7,0,275.195,4.9337,0.875286,0.415045,0.359538
-268.011,1,0.162195,3,7,0,271.005,4.92312,0.894929,0.47233,0.388641
-269.294,0.993411,0.223006,4,15,0,271.253,5.13362,0.598655,0.416252,0.52864
-271.163,0.955433,0.302976,3,7,0,275.31,4.93407,0.409879,0.474467,0.494523
-270.739,0.819428,0.387805,3,7,0,275.074,4.84672,0.608282,0.321662,0.594097
-268.902,0.922096,0.403223,2,7,0,275.184,5.20126,2.11351,0.76333,0.127488
-268.583,0.852297,0.489606,2,7,0,272.949,5.08602,2.09831,0.629814,0.0914779
-267.994,1,0.534458,3,7,0,268.903,5.08399,2.23734,0.663703,0.113859
-267.151,1,0.728256,2,7,0,268.068,5.12802,1.12072,0.574602,0.339603
-267.151,0.0275267,0.99058,2,3,0,267.989,5.12802,1.12072,0.574602,0.339603
-268.825,0.967423,0.31387,3,15,0,269.294,5.11215,2.06871,0.72438,0.197888
-268.22,0.97779,0.406909,3,7,0,269.932,5.05096,1.77312,0.717145,0.121705
-267.039,0.801476,0.534947,3,7,0,269.831,5.0771,1.58878,0.512704,0.321363
-267.446,0.665252,0.540536,2,3,0,268.018,5.05401,1.46462,0.390846,0.380673
-268.882,0.936059,0.446423,3,7,0,269.475,4.83206,1.75447,0.639316,0.218952
-268.283,0.868102,0.550426,3,7,0,270.629,5.10689,1.12155,0.415249,0.477708
-269.935,1,0.613348,2,3,0,271.984,5.2682,0.966386,0.69104,0.265458
-269.069,0.658172,0.828982,1,3,0,272.843,5.07563,2.12522,0.680551,0.229927
-271.595,0.917017,0.678146,2,3,0,272.737,5.08287,1.24209,0.822112,0.174793
-272.674,0.791007,0.810415,2,3,0,273.677,4.91968,1.55378,0.429439,0.169778
-271.147,0.204384,0.805331,2,3,0,274.331,5.03613,1.2406,0.752829,0.245206
-272.14,0.973052,0.341346,3,15,0,272.997,5.17438,1.08619,0.563327,0.433915
-269.454,0.992618,0.442568,3,15,0,273.708,5.23003,1.12179,0.698594,0.280225
-270.252,0.588849,0.58945,3,7,0,273.307,5.1836,1.32303,0.817078,0.120718
-270.132,0.990637,0.438065,3,7,0,271.194,5.13937,2.3345,0.839118,0.102225
-269.675,0.906397,0.580924,3,7,0,272.395,5.23083,1.03907,0.715623,0.261552
-270.999,0.897163,0.681721,3,7,0,272.762,5.04721,3.04083,0.669439,0.0246326
-267.657,0.371931,0.788854,1,3,0,271.348,5.04251,1.93845,0.687757,0.189409
-268.774,0.965884,0.431185,3,7,0,269.89,5.2265,1.54675,0.467524,0.253672
-270.645,1,0.550411,3,7,0,271.7,4.70152,1.58342,0.542821,0.326224
-270.645,0.362278,0.736542,3,15,0,273.828,4.70152,1.58342,0.542821,0.326224
-268.856,0.948153,0.398984,3,7,0,273.69,5.22212,0.785635,0.562223,0.372766
-267.665,0.97275,0.49587,3,7,0,270.107,4.93789,1.09857,0.394335,0.46645
-267.665,2.17961e-05,0.637313,2,3,0,270.083,4.93789,1.09857,0.394335,0.46645
-268.556,0.997868,0.208511,4,15,0,269.275,4.80475,1.66069,0.497133,0.318932
-267.67,0.928868,0.277829,4,15,0,270.527,4.87487,1.24699,0.466413,0.351757
-268.683,0.835279,0.335663,3,15,0,270.757,4.94236,0.734345,0.468064,0.493923
-269.95,0.972361,0.355565,4,15,0,270.808,5.09916,2.70157,0.616336,0.0410196
-269.487,0.902896,0.455676,3,7,0,271.171,4.96561,0.516231,0.441552,0.518193
-267.545,0.972748,0.529643,3,7,0,271.79,5.15469,1.15155,0.597341,0.335808
-267.821,0.500302,0.67765,2,3,0,268.422,5.20011,1.02949,0.512516,0.386237
-267.314,0.956203,0.450834,2,7,0,268.942,5.14279,1.13606,0.540086,0.307889
-267.314,0.115872,0.563348,3,7,0,271.747,5.14279,1.13606,0.540086,0.307889
-268.19,0.988216,0.221417,4,15,0,269.543,4.95465,2.04399,0.40365,0.238144
-268.171,0.977896,0.289268,4,15,0,269.919,4.98375,1.00384,0.620524,0.280534
-267.565,0.939946,0.372138,3,7,0,269.519,4.97681,1.13036,0.630664,0.300831
-270.135,0.872526,0.45403,2,3,0,270.35,4.91871,0.774445,0.640668,0.323218
-268.902,0.947503,0.504855,3,7,0,270.556,5.16241,1.71428,0.355831,0.352521
-267.28,0.720237,0.62128,3,7,0,269.511,5.15409,1.7838,0.584391,0.200278
-267.196,0.990431,0.561229,3,7,0,267.776,5.01737,1.18852,0.403618,0.399777
-267.196,0.113306,0.731062,2,3,0,268.279,5.01737,1.18852,0.403618,0.399777
-267.518,0.742144,0.291079,3,15,0,269.644,5.09553,0.934871,0.552878,0.395082
-271.957,0.939536,0.27146,3,11,0,273.059,4.83244,2.3517,0.806972,0.0804551
-268.526,0.995957,0.330165,4,15,0,272.574,5.08921,1.41167,0.779074,0.177863
-267.31,0.831356,0.432733,2,7,0,270.003,5.0649,2.08587,0.571735,0.205902
-269.952,0.678162,0.45451,2,7,0,271.133,5.0242,1.26993,0.796684,0.188494
-269.906,0.878513,0.389005,3,7,0,273.559,5.03456,1.79271,0.731065,0.248692
-268.374,0.993732,0.43506,3,7,0,270.032,5.0803,0.732292,0.4653,0.407537
-268.091,0.247121,0.566789,2,7,0,272.33,5.00748,0.91657,0.517996,0.444478
-267.422,0.995163,0.274042,4,15,0,268.859,5.01863,2.02554,0.63057,0.193523
-267.732,0.936654,0.35763,2,3,0,268.69,5.02502,2.12127,0.629702,0.131851
-267.773,0.993017,0.431512,3,7,0,268.967,5.19839,1.17188,0.532611,0.367303
-268.333,0.644349,0.560324,3,7,0,273.373,4.92156,1.39633,0.457853,0.426535
-267.412,0.979415,0.45955,3,7,0,268.987,5.00074,1.38325,0.619162,0.308129
-267.423,0.940685,0.585425,3,7,0,268.671,5.08751,1.38262,0.591926,0.32979
-267.825,0.799611,0.708168,2,3,0,268.637,5.18487,1.49508,0.567986,0.318108
-268.571,0.966485,0.711901,2,3,0,270.242,5.08757,0.781538,0.578372,0.401845
-266.977,0.678602,0.889501,2,3,0,268.337,5.1025,1.09718,0.56743,0.327086
-266.977,0.558616,0.763569,1,3,0,269.637,5.1025,1.09718,0.56743,0.327086
-267.881,0.837094,0.561298,3,7,0,269.64,4.94789,1.71734,0.573216,0.306221
-267.999,0.947454,0.592559,3,7,0,268.995,4.87306,0.967598,0.480588,0.429352
-273.307,0.264366,0.721293,2,3,0,274.507,5.10958,3.92984,0.498793,0.134042
-273.103,0.964966,0.363502,3,15,0,275.411,5.10042,0.32754,0.535757,0.440614
-267.98,1,0.452638,3,7,0,273.77,5.07126,2.23886,0.439604,0.237071
-269.684,0.647392,0.589032,3,7,0,270.603,4.83529,0.839507,0.492697,0.378661
-267.812,1,0.48726,2,3,0,269.691,4.91294,0.89129,0.500417,0.424447
-268.81,0.85113,0.633292,3,7,0,271.9,5.2273,2.37204,0.601659,0.159687
-268.251,0.424954,0.679896,3,7,0,270.115,5.17714,2.00603,0.450605,0.267436
-269.227,0.843302,0.423985,2,7,0,271.576,5.08543,0.832857,0.323194,0.557778
-269.227,0.123822,0.450904,2,3,0,271.032,5.08543,0.832857,0.323194,0.557778
-267.955,0.993675,0.192407,3,7,0,270.28,5.01128,0.918453,0.355141,0.497228
-267.251,1,0.24787,4,15,0,268.226,5.13331,1.8915,0.607628,0.201975
-267.592,0.940995,0.321552,3,11,0,268.608,5.07567,0.888344,0.522949,0.425227
-266.786,0.82391,0.386814,4,15,0,270.369,5.02523,1.23457,0.462046,0.380552
-269.231,0.932087,0.401254,3,7,0,269.605,5.18963,0.629882,0.512735,0.419254
-269.447,0.992966,0.476751,2,3,0,269.545,5.19737,0.635524,0.501836,0.413528
-267.53,0.894279,0.610964,2,7,0,271.65,5.0866,0.873868,0.438078,0.465367
-267.53,0.530667,0.69132,2,7,0,269.751,5.0866,0.873868,0.438078,0.465367
-267.858,1,0.496477,3,7,0,268.161,5.00101,2.01104,0.633573,0.132476
-267.858,0.406436,0.640845,3,7,0,270.254,5.00101,2.01104,0.633573,0.132476
-269.836,0.936257,0.394875,3,7,0,271.105,4.9652,1.43327,0.80257,0.158034
-268.134,0.991913,0.470644,3,7,0,270.942,5.21726,1.67656,0.704011,0.192014
-268.671,0.983843,0.600598,2,3,0,269.094,5.23815,1.52605,0.740997,0.165468
-267.313,0.907764,0.758108,3,7,0,269.433,4.9908,1.51182,0.493608,0.363007
-267.313,0.350547,0.870353,1,3,0,269.554,4.9908,1.51182,0.493608,0.363007
-267.405,1,0.502595,2,3,0,267.712,4.89742,1.27222,0.446796,0.367536
-267.585,0.786425,0.646479,3,7,0,268.069,5.17971,1.51204,0.6424,0.255972
-269.076,0.565221,0.639152,2,7,0,269.684,5.16627,1.47344,0.788844,0.128364
-267.915,0.929783,0.481895,2,3,0,269.976,5.10026,1.49242,0.732183,0.162895
-269.55,0.848943,0.568065,3,7,0,271.194,4.82829,1.94018,0.688703,0.18302
-269.056,0.718113,0.606335,3,7,0,275.671,5.15402,1.54708,0.656014,0.305266
-270.404,0.979743,0.551676,3,7,0,274.116,4.91915,2.10347,0.696235,0.247008
-270.972,0.894567,0.690239,3,7,0,272.425,4.92839,1.74754,0.603323,0.359004
-267.388,1,0.778116,2,3,0,271.334,4.97125,1.09302,0.595701,0.332584
-267.388,0.0607817,0.996278,1,3,0,269.439,4.97125,1.09302,0.595701,0.332584
-269.26,0.921534,0.409201,3,7,0,269.921,5.11118,0.903481,0.536397,0.447571
-268.629,0.971613,0.476693,3,7,0,270.427,4.97125,1.54578,0.718723,0.243403
-268.899,0.635022,0.589531,2,3,0,270.529,4.89699,1.55734,0.61463,0.323798
-268.192,0.973511,0.485939,3,7,0,269.617,5.16837,1.45885,0.631552,0.305209
-267.215,1,0.601843,2,3,0,268.146,5.1071,1.21339,0.627245,0.25846
-267.08,0.370921,0.768841,2,7,0,268.137,4.99381,1.56195,0.623289,0.254487
-267.247,0.953878,0.462279,3,7,0,268.147,4.94225,1.0826,0.472782,0.418518
-270.601,0.889668,0.558662,2,3,0,270.827,4.87887,3.25386,0.421052,0.0980277
-270.601,0.00815244,0.624957,3,7,0,274.905,4.87887,3.25386,0.421052,0.0980277
-269.503,0.984097,0.244754,3,15,0,273.418,4.95371,1.17655,0.387691,0.517804
-267.857,1,0.306624,3,15,0,270.062,5.00468,1.01019,0.416967,0.486745
-268.919,0.913364,0.391134,3,15,0,270.222,5.03248,1.43114,0.409901,0.460723
-267.567,0.95462,0.449908,2,3,0,268.568,5.05229,1.50984,0.384196,0.362338
-267.567,0.066001,0.543101,2,3,0,270.137,5.05229,1.50984,0.384196,0.362338
-268.076,0.968048,0.229636,2,3,0,268.251,5.04966,1.49896,0.359088,0.357247
-266.973,1,0.281761,3,15,0,268.382,5.00466,1.52265,0.585833,0.290002
-267.094,0.974167,0.358693,3,7,0,268.671,5.11604,1.05304,0.565178,0.336814
-269.666,0.898466,0.442621,2,7,0,271.147,4.73925,1.10056,0.437662,0.42658
-268.955,0.701997,0.499463,2,7,0,272.471,4.85459,1.39842,0.435994,0.292094
-268.004,0.833635,0.447701,3,15,0,270.377,5.06778,1.52697,0.384987,0.413436
-268.02,0.333951,0.468152,3,7,0,271.057,5.04047,1.74388,0.752777,0.162283
-267.639,0.995701,0.273367,4,15,0,269.171,5.05854,1.45318,0.381794,0.403236
-267.463,0.963494,0.345416,3,7,0,270.211,4.90881,1.72415,0.459147,0.294325
-267.685,0.940857,0.420089,3,15,0,269.286,5.13632,1.93818,0.533986,0.172639
-268.383,0.97772,0.497334,3,7,0,269.234,4.92795,0.735591,0.51429,0.434914
-268.563,0.967707,0.614104,2,7,0,269.417,5.01112,0.695088,0.563491,0.405761
-267.912,0.93484,0.74903,2,3,0,269.034,5.18605,1.92783,0.56769,0.244762
-267.912,0.0442195,0.879011,2,3,0,269.83,5.18605,1.92783,0.56769,0.244762
-267.235,0.98423,0.369516,3,7,0,269.21,5.05881,1.74525,0.575085,0.183753
-269.962,0.963026,0.459272,3,7,0,270.219,5.1627,2.98443,0.65272,0.0903799
-269.772,1,0.556696,3,7,0,270.834,5.01578,0.627533,0.320835,0.550675
-268.625,0.994034,0.703552,3,7,0,270.101,5.14084,2.09128,0.716959,0.0896018
-273.08,0.258086,0.882415,2,3,0,273.919,5.27341,3.26411,0.762177,0.0291132
-273.66,0.88597,0.476987,3,7,0,276.215,5.09556,3.44683,0.643615,0.00331787
-273.87,0.762684,0.5288,3,11,0,279.327,5.40486,1.47428,0.724703,0.265475
-268.041,1,0.509265,3,7,0,273.2,4.90738,0.824667,0.443918,0.439002
-269.199,0.596899,0.642457,2,3,0,269.642,4.83929,0.866399,0.433032,0.414573
-269.278,0.350198,0.512468,2,3,0,271.927,4.87033,0.836925,0.578266,0.384395
-268.668,0.999478,0.309286,4,15,0,270.083,4.83188,1.18569,0.568868,0.353293
-268.813,0.983788,0.389811,3,7,0,270.168,4.87721,0.747309,0.482488,0.426386
-267.371,0.924323,0.482309,2,3,0,269.252,4.98311,0.845823,0.481927,0.421926
-267.371,0.0346371,0.557657,2,3,0,270.081,4.98311,0.845823,0.481927,0.421926
-267.726,0.978425,0.236609,4,15,0,268.567,4.9521,1.71414,0.619787,0.268882
-268.772,0.983656,0.290922,3,15,0,269.884,5.00678,0.611592,0.437087,0.518288
-268.025,0.997045,0.359572,3,7,0,269.76,5.05081,1.00491,0.492981,0.453582
-268.29,0.985996,0.450837,3,7,0,269.499,4.90023,1.20471,0.629389,0.269512
-267.532,1,0.557921,3,7,0,268.581,5.18898,1.78663,0.61038,0.205205
-267.532,0.282513,0.700856,2,3,0,269.266,5.18898,1.78663,0.61038,0.205205
-268.614,0.952405,0.395109,3,7,0,269.965,4.83905,0.928447,0.439403,0.418753
-269.289,0.957504,0.470616,3,7,0,269.821,4.82887,0.908074,0.391864,0.519046
-267.607,1,0.56343,3,7,0,269.027,4.86711,1.36594,0.471211,0.351078
-271.342,0.520679,0.70675,2,3,0,272.106,4.83076,0.612841,0.545497,0.437036
-267.473,0.944217,0.52067,3,7,0,272.541,5.15053,0.990334,0.576528,0.340707
-267.928,0.977175,0.613636,2,7,0,268.337,5.1151,0.771579,0.431977,0.456448
-267.928,0.376759,0.749655,2,3,0,269.841,5.1151,0.771579,0.431977,0.456448
-268.501,0.403458,0.471768,2,3,0,270.224,5.10372,0.716651,0.534004,0.438494
-267.668,0.99272,0.306184,3,15,0,269.364,5.03541,1.13939,0.501769,0.425953
-268.529,0.952951,0.380553,3,15,0,270.641,5.14287,0.785189,0.483468,0.382656
-268.079,0.545737,0.452462,3,15,0,270.186,4.93434,1.66002,0.67054,0.178206
-269.336,0.955894,0.343949,4,15,0,270.973,5.1801,2.44389,0.42203,0.164965
-267.847,0.842289,0.410105,3,7,0,270.621,5.20417,1.80446,0.596468,0.23847
-269.039,0.960487,0.431615,3,7,0,270.372,5.25787,2.04042,0.553967,0.245599
-269.689,0.877524,0.516766,3,7,0,269.921,5.26945,2.02483,0.532706,0.280614
-267.998,0.974229,0.564888,3,7,0,272.007,4.91518,1.28572,0.383668,0.373023
-267.998,9.33469e-06,0.685879,2,3,0,273.218,4.91518,1.28572,0.383668,0.373023
-267.622,0.999837,0.288553,4,15,0,269.927,5.19171,1.84446,0.569803,0.223765
-268.367,0.917736,0.360381,3,15,0,269.218,5.1062,2.20879,0.608098,0.0976171
-266.963,0.861679,0.411485,2,7,0,271.218,5.05266,1.78819,0.527623,0.224942
-268.432,0.80941,0.441998,3,7,0,269.034,5.17348,1.01031,0.476003,0.452781
-270.017,0.789708,0.448594,2,3,0,270.866,5.21281,1.03391,0.390731,0.37431
-272.812,1,0.445686,3,15,0,274.078,4.63206,2.06144,0.542777,0.183875
-272.557,1,0.555454,3,7,0,273.915,5.43188,1.10039,0.626091,0.292534
-271.22,0.364082,0.691811,2,3,0,274.268,5.32975,1.03304,0.690225,0.289103
-270.192,1,0.434745,2,3,0,271.296,5.2961,1.00802,0.650442,0.321675
-269.015,0.678015,0.541311,2,3,0,271.603,5.27043,0.999053,0.550644,0.328098
-269.943,0.677327,0.477012,3,7,0,271.636,4.7359,1.98819,0.474495,0.237506
-269.646,0.707554,0.42019,3,7,0,273.852,4.74683,1.04661,0.412475,0.454603
-271.251,0.929384,0.382424,3,15,0,272.655,4.75738,1.01104,0.291451,0.569613
-267.53,0.416887,0.44112,3,7,0,272.868,4.94592,1.19296,0.605945,0.286501
-266.69,0.988636,0.294596,3,11,0,268.713,5.04057,1.26236,0.548438,0.31004
-266.836,0.960941,0.361909,2,7,0,268.296,4.99822,1.53144,0.561077,0.290543
-267.505,0.879749,0.431456,2,7,0,268.572,5.04445,1.63392,0.641542,0.268745
-267.059,0.892954,0.471674,3,7,0,270.792,5.08743,1.34528,0.642679,0.241494
-267.692,0.930741,0.522772,3,7,0,268.136,4.97648,1.30847,0.410171,0.441265
-267.327,0.456538,0.602863,3,7,0,270.955,5.02787,0.829165,0.487904,0.431575
-268.76,0.922746,0.421067,3,7,0,268.934,5.03776,2.27668,0.745069,0.142117
-268.675,0.990374,0.481445,2,7,0,270.65,5.19196,0.745378,0.531675,0.422296
-268.138,0.980539,0.590916,3,7,0,269.778,5.03506,2.39526,0.653867,0.124831
-270.717,0.514523,0.7174,2,7,0,274.377,4.86884,2.28555,0.510533,0.321772
-267.635,0.666667,0.53346,1,3,0,273.692,4.97483,2.14804,0.606311,0.177812
-268.606,0.908434,0.465723,2,3,0,269.112,4.92229,2.3143,0.590468,0.118921
-268.816,0.944881,0.524008,2,3,0,269.277,4.93891,2.14488,0.539403,0.120379
-267.097,1,0.612305,2,3,0,269.166,5.009,1.48849,0.58228,0.307904
-267.877,0.793416,0.757577,2,3,0,269.139,4.93872,0.809173,0.461528,0.466817
-267.501,0.993782,0.755097,2,3,0,268.546,4.97909,1.06682,0.575847,0.303066
-271.944,0.00743859,0.927402,2,3,0,274.411,4.82365,1.39907,0.618613,0.163775
-270.594,0.960924,0.40782,3,15,0,274.209,4.78364,1.81104,0.590485,0.15802
-268.505,1,0.484192,2,3,0,271.159,4.95427,2.27088,0.6031,0.220529
-267.965,0.963234,0.598381,2,7,0,272.492,5.12645,1.53772,0.521644,0.20849
-267.861,0.548318,0.711439,3,11,0,268.982,4.95567,2.17186,0.529266,0.240336
-266.821,0.618882,0.550251,2,3,0,269.048,4.99354,1.47426,0.561761,0.296075
-267.537,0.917301,0.458101,2,7,0,268.7,5.08142,2.05196,0.469999,0.252154
-266.777,0.737299,0.519246,3,7,0,268.418,5.00981,1.26296,0.547234,0.30439
-267.317,0.786831,0.488696,3,7,0,268.412,5.06039,1.00233,0.542486,0.397098
-269.06,0.81205,0.484085,3,7,0,273.338,5.19962,2.30942,0.48297,0.246569
-271.617,0.90313,0.492124,3,7,0,274.491,4.71326,2.19297,0.32411,0.268643
-272.546,0.997059,0.549324,3,7,0,275.508,5.32,0.597123,0.610529,0.366637
-267.889,1,0.674982,2,3,0,272.296,5.1589,0.865558,0.45233,0.42377
-267.889,0.0585813,0.831432,2,3,0,269.931,5.1589,0.865558,0.45233,0.42377
-267.737,0.976304,0.39075,3,15,0,268.574,5.06729,1.89899,0.701924,0.191424
-267.201,0.939423,0.469883,3,7,0,268.926,5.07013,1.92649,0.507301,0.212545
-267.201,0.411724,0.543912,2,3,0,274.703,5.07013,1.92649,0.507301,0.212545
-267.43,0.758099,0.367607,2,7,0,270.535,4.98876,1.12544,0.516535,0.30936
-267.619,0.994729,0.353799,3,7,0,268.944,5.02929,0.931369,0.412837,0.484773
-268.959,0.997674,0.433123,3,15,0,269.687,4.82645,1.53091,0.579055,0.32711
-268.448,1,0.531539,3,7,0,270.357,4.87827,1.78294,0.511931,0.201032
-267.251,0.675025,0.653511,3,7,0,269.198,4.92467,1.1882,0.431608,0.396849
-268.981,0.670788,0.577903,3,7,0,270.299,4.98956,0.744713,0.61029,0.343186
-268.838,1,0.509016,3,7,0,269.776,4.9895,2.40206,0.371488,0.242198
-269.39,0.823289,0.62535,3,7,0,271.043,4.80945,0.874695,0.523317,0.406995
-269.021,0.998968,0.64252,2,7,0,269.889,4.80053,0.911534,0.436583,0.446259
-266.861,0.711999,0.787894,2,3,0,269.304,5.11234,1.46203,0.517806,0.307036
-267.095,0.900599,0.723519,2,7,0,267.887,5.10052,1.01342,0.538563,0.344294
-266.909,0.580171,0.803186,2,7,0,267.327,5.05339,1.51828,0.602065,0.277518
-266.747,0.62665,0.646291,2,3,0,267.568,5.02951,1.30481,0.494592,0.360994
-269.032,0.849342,0.545137,2,3,0,269.113,4.99454,0.591493,0.526666,0.422917
-267.132,0.973369,0.574868,2,3,0,269.578,5.13558,1.15276,0.565532,0.304954
-267.132,0.434974,0.686149,2,7,0,269.856,5.13558,1.15276,0.565532,0.304954
-267.696,0.918444,0.478212,3,7,0,269.212,5.09074,0.995273,0.640082,0.295754
-267.292,0.999967,0.540242,3,7,0,268.158,5.16914,1.17701,0.565261,0.315037
-267.758,0.852061,0.661735,3,7,0,268.459,5.06662,0.887148,0.397333,0.491024
-268.314,0.775568,0.699303,3,7,0,269.954,5.14559,1.70439,0.650815,0.128925
-268.673,1,0.684826,2,3,0,269.544,5.02866,1.06404,0.462694,0.480514
-268.673,0.0416809,0.837977,2,3,0,271.973,5.02866,1.06404,0.462694,0.480514
-267.826,0.992862,0.396461,4,15,0,269.667,5.05054,1.70437,0.723065,0.20364
-268.454,0.957472,0.481787,3,7,0,269.245,5.04187,1.97501,0.505353,0.142164
-268.454,0.282867,0.565077,2,3,0,270.994,5.04187,1.97501,0.505353,0.142164
-267.841,0.881199,0.340327,2,3,0,270.452,4.96585,2.14912,0.539276,0.243198
-268.221,0.948466,0.370247,3,15,0,270.006,4.95942,1.39361,0.695891,0.198606
-268.071,0.922514,0.4303,2,7,0,271.719,5.02722,0.968519,0.653832,0.295167
-269.127,0.989345,0.487306,3,7,0,269.837,5.23883,2.24895,0.713436,0.104901
-267.93,1,0.589144,2,3,0,269.668,5.09398,1.11817,0.690197,0.241752
-267.514,0.989225,0.719418,2,3,0,268.482,5.09491,2.02808,0.628717,0.203899
-267.514,0.019327,0.86885,2,3,0,271.366,5.09491,2.02808,0.628717,0.203899
-267.145,0.997819,0.405777,4,15,0,268.158,5.16148,1.53938,0.582619,0.257122
-267.145,0.28341,0.494309,2,3,0,278.193,5.16148,1.53938,0.582619,0.257122
-266.98,0.995453,0.299534,4,15,0,267.964,4.96223,1.4211,0.55918,0.309662
-267.075,0.962099,0.364001,4,15,0,269.863,5.02966,1.11998,0.564631,0.302337
-267.342,0.961158,0.427997,2,7,0,268.856,5.11861,1.78339,0.536423,0.281963
-267.107,0.968007,0.502589,2,7,0,268.87,5.06041,1.25834,0.508861,0.384666
-268.547,0.708131,0.593896,2,3,0,268.86,5.08456,2.56412,0.50053,0.20203
-268.547,0.419185,0.54506,1,1,0,270.556,5.08456,2.56412,0.50053,0.20203
-269.303,0.9943,0.378059,3,7,0,270.392,4.92254,2.248,0.350746,0.232427
-267.394,0.55824,0.458144,3,7,0,271.394,5.11646,1.41212,0.444481,0.316841
-266.824,0.989207,0.363921,3,7,0,267.673,5.0423,1.14715,0.52104,0.373611
-267.78,0.962845,0.438664,2,7,0,268.711,5.18854,2.01376,0.599332,0.189417
-268.511,0.860485,0.515247,3,7,0,269.57,4.92969,0.976209,0.597261,0.372375
-269.242,0.444698,0.548113,3,7,0,271.636,4.94636,0.637714,0.550224,0.415008
-268.579,0.963296,0.390617,3,7,0,270.923,4.99267,1.63236,0.57465,0.346261
-267.996,0.973601,0.458809,2,7,0,270.967,5.13599,0.784151,0.511069,0.43535
-268.502,0.495348,0.544064,3,7,0,271.025,4.96746,1.26444,0.344631,0.389213
-268.236,0.873645,0.407521,2,3,0,268.808,4.93983,1.20309,0.338704,0.430211
-268.751,0.702749,0.438973,2,3,0,269.269,4.94628,1.26291,0.309341,0.439966
-270.489,0.140747,0.401402,3,15,0,272.63,4.9699,1.68507,0.799034,0.0920546
-270.105,0.952596,0.214467,4,15,0,274.875,5.22416,1.64005,0.327427,0.397037
-268.491,0.910916,0.249234,4,15,0,275.154,4.81281,1.48373,0.417333,0.388223
-267.161,0.774451,0.278247,3,7,0,271.298,5.07844,1.29828,0.632903,0.238321
-268.354,0.990422,0.272678,4,15,0,268.894,5.18439,1.27384,0.410576,0.431198
-267.97,0.988314,0.32824,3,15,0,269.673,4.87257,1.69947,0.566903,0.283194
-268.582,0.992219,0.394165,3,7,0,269.116,4.8133,1.92639,0.487468,0.268003
-268.115,0.89635,0.474892,3,7,0,270.716,5.18768,1.4783,0.445778,0.297945
-267.309,0.942171,0.522179,2,7,0,268.943,5.14502,1.65032,0.549837,0.288856
-267.67,0.83719,0.599531,2,5,0,268.965,4.96099,0.919334,0.538068,0.407313
-267.302,0.904912,0.62302,2,7,0,268.366,5.07215,1.79304,0.523848,0.199086
-267.931,1,0.690189,1,3,0,268.991,5.09966,1.46117,0.427134,0.411133
-271.231,0.518981,0.836266,2,3,0,272.116,5.07997,0.590771,0.650816,0.337297
-269.8,0.408483,0.643293,3,7,0,274.236,4.98743,0.486415,0.466906,0.504949
-269.029,0.875772,0.446162,2,3,0,271.352,5.0317,0.601687,0.524391,0.40637
-268.326,0.993476,0.48084,3,7,0,269.877,5.11993,0.684318,0.43087,0.47963
-266.998,0.948506,0.578776,2,3,0,268.757,5.07505,1.29134,0.619698,0.292189
-267.082,0.859705,0.667565,2,7,0,267.966,5.00772,1.49456,0.592738,0.298128
-269.671,0.606146,0.708188,2,7,0,271.037,4.91054,1.01124,0.455028,0.323875
-270.6,0.282656,0.592273,3,7,0,272.123,4.87448,1.01103,0.650699,0.34052
-278.047,0.959133,0.36603,3,7,0,281.046,5.23367,0.423598,0.389189,0.61055
-272.985,0.997263,0.42634,3,7,0,279.707,5.11254,1.01876,0.584346,0.415251
-270.72,0.879126,0.514425,3,7,0,274.759,4.95412,0.978458,0.642596,0.354361
-270.784,0.945076,0.55568,2,3,0,271.726,4.96577,0.753417,0.538545,0.458222
-266.776,0.472963,0.638197,2,7,0,271.315,5.0144,1.3979,0.581121,0.289457
-267.099,0.892796,0.472075,2,3,0,268.139,5.08134,1.10789,0.605957,0.314027
-267.044,0.943745,0.516372,3,7,0,267.667,5.02505,1.40319,0.6301,0.236625
-267.036,0.751503,0.592095,2,7,0,268.13,5.01336,1.80827,0.572706,0.249858
-268.441,0.6871,0.567793,3,7,0,268.94,5.15097,1.46942,0.753415,0.208844
-268.736,0.943297,0.51297,2,7,0,269.924,4.99172,0.855327,0.387142,0.423709
-268.313,0.955615,0.587688,3,7,0,271.248,5.11488,2.22673,0.676126,0.0968914
-268.313,0.485778,0.680806,1,3,0,272.519,5.11488,2.22673,0.676126,0.0968914
-268.106,0.939632,0.510699,3,7,0,269.693,5.18965,1.40669,0.723841,0.192682
-269.127,0.705512,0.582853,3,7,0,271.603,4.93482,0.866471,0.512773,0.465033
-266.996,0.978935,0.53586,3,7,0,270.486,5.13951,1.44773,0.567921,0.260863
-270.606,0.804324,0.633906,2,3,0,271.03,5.00909,0.402868,0.43795,0.525276
-268.019,0.577879,0.638336,3,7,0,272.747,5.04612,2.48729,0.501299,0.166302
-267.384,1,0.521975,3,7,0,268.523,5.08041,0.891792,0.450208,0.414567
-267.384,0.197507,0.629218,2,3,0,268.038,5.08041,0.891792,0.450208,0.414567
-266.947,0.835763,0.363106,2,3,0,268.504,5.01324,1.12613,0.535522,0.373605
-270.459,0.896324,0.376536,2,7,0,272.104,5.06002,0.867529,0.733766,0.252049
-267.791,1,0.412691,2,3,0,270.366,5.09355,1.08672,0.666242,0.29013
-267.24,0.981902,0.497207,3,7,0,267.912,5.08462,1.0571,0.609734,0.319987
-267.205,0.648163,0.588978,2,7,0,267.698,5.01397,1.06347,0.544117,0.386998
-268.293,0.795325,0.514308,3,7,0,270.45,5.03836,1.43321,0.621662,0.332999
-269.453,0.967632,0.513734,3,7,0,270.493,4.99912,1.6722,0.746007,0.105531
-270.375,0.76909,0.600354,3,7,0,273.354,5.303,1.77772,0.816096,0.123729
-271.786,0.728828,0.585443,3,7,0,274.522,5.14637,2.42978,0.901123,0.0439614
-268.818,0.822363,0.550415,3,7,0,272.845,5.19839,1.17464,0.708996,0.197788
-268.716,1,0.563421,3,7,0,269.03,4.87429,2.00175,0.385731,0.332843
-269.033,0.187171,0.677527,2,3,0,270.872,4.91533,2.41249,0.544032,0.238049
-267.927,0.986057,0.389941,2,3,0,269.225,4.92832,2.2577,0.495931,0.200781
-269.952,0.931707,0.46303,3,7,0,271.35,4.90323,2.04308,0.323538,0.393264
-269.952,0.0768112,0.523264,3,7,0,273.785,4.90323,2.04308,0.323538,0.393264
-267.858,0.992432,0.273114,3,15,0,272.602,5.03619,0.717081,0.468998,0.43543
-269.718,0.911947,0.32612,3,7,0,270.815,4.966,0.627967,0.584332,0.388762
-269.216,0.729646,0.362028,3,15,0,274.189,5.20868,1.40099,0.789082,0.175085
-268.881,0.982736,0.340968,4,15,0,271.187,4.89037,1.2994,0.468699,0.278615
-268.401,0.989239,0.403293,3,7,0,269.921,4.85899,1.03893,0.455887,0.457442
-267.141,0.969313,0.479643,3,7,0,269.311,5.03999,1.03001,0.543154,0.387026
-267.628,0.979174,0.560136,3,7,0,267.744,5.03076,1.05919,0.412834,0.385498
-267.933,0.825897,0.659739,3,7,0,268.546,5.04369,2.27423,0.505204,0.146264
-267.933,0.341723,0.677112,2,3,0,271.322,5.04369,2.27423,0.505204,0.146264
-271.311,0.949424,0.450507,2,3,0,271.888,5.11338,3.6096,0.517806,0.042938
-268.457,0.315533,0.516539,2,3,0,275.165,5.07041,1.9224,0.557095,0.307515
-268.607,0.999534,0.336087,4,15,0,269.524,5.10727,0.840269,0.412695,0.412427
-267.501,1,0.402978,3,7,0,269.071,5.04297,1.05506,0.544895,0.400387
-266.975,0.157699,0.483208,3,7,0,269.552,5.01325,1.21327,0.428642,0.405817
-267.964,0.909172,0.273532,3,15,0,270.571,5.07021,0.91645,0.471299,0.361075
-269.505,0.851947,0.302531,3,7,0,270.69,5.22099,0.899029,0.659463,0.318583
-270.396,0.979429,0.317944,3,15,0,273.429,4.8268,1.1523,0.500829,0.460865
-270.536,0.961394,0.374157,3,7,0,272.318,4.78963,0.99707,0.606791,0.360511
-267.183,0.992727,0.433179,3,7,0,270.817,4.95311,1.14387,0.563103,0.328769
-268.953,0.835207,0.515484,2,3,0,271.478,4.81949,1.42697,0.615947,0.263621
-268.404,0.975496,0.533385,3,7,0,270.834,5.0599,1.11804,0.356026,0.50323
-269.348,0.137335,0.624785,3,7,0,270.926,4.9397,0.921158,0.322369,0.563363
-267.138,1,0.348825,3,7,0,269.884,4.9311,1.49904,0.498378,0.29298
-267.456,0.869129,0.417576,3,7,0,268.667,5.19038,1.66632,0.595945,0.22054
-268.708,0.766708,0.445227,4,15,0,270.609,4.88356,0.752504,0.407557,0.470878
-267.456,0.730895,0.433688,2,3,0,271.137,4.97548,0.950061,0.464195,0.452953
-267.185,0.930853,0.409359,3,7,0,268.667,4.97699,1.48956,0.416515,0.354901
-268.135,0.898287,0.460731,3,7,0,271.201,5.07439,1.02288,0.678855,0.259207
-268.663,0.974064,0.503807,3,7,0,270.028,4.9581,2.45904,0.66032,0.140162
-267.816,1,0.588696,3,7,0,268.526,4.97873,2.17879,0.636718,0.15689
-268.506,0.947914,0.35175,3,7,0,270.226,5.0757,2.70051,0.570487,0.121981
-268.506,0,4.6029,0,1,1,269.152,5.0757,2.70051,0.570487,0.121981
-268.506,0.235712,0.756366,2,3,0,272.186,5.0757,2.70051,0.570487,0.121981
-272.356,0.991439,0.137585,5,31,0,273.073,5.29469,1.93129,0.633178,0.0564682
-274.99,0.991478,0.188127,4,15,0,276.179,5.47431,2.31766,0.74989,0.0470627
-276.379,0.984705,0.293131,4,15,0,279.167,4.66288,4.00589,0.421936,0.0118192
-274.374,0.900827,0.482566,3,9,0,280.383,5.22252,0.698328,0.709177,0.289998
-267.776,0.9903,0.639067,3,7,0,272.903,4.86641,1.26521,0.416804,0.396479
-267.776,0.38833,1.14322,2,3,0,270.089,4.86641,1.26521,0.416804,0.396479
-267.345,0.994393,0.309871,3,15,0,268.539,5.17352,1.30384,0.508015,0.344379
-267.603,0.945157,0.571067,3,7,0,268.304,5.05784,1.53263,0.688504,0.171585
-270.54,0.184274,0.905126,2,3,0,272.732,5.26523,1.98991,0.655815,0.262146
-268.508,0.997999,0.130729,4,31,0,274.603,4.80378,1.45503,0.442398,0.378815
-267.042,0.999499,0.246771,4,15,0,268.923,5.01164,1.45829,0.428189,0.345505
-267.156,0.957581,0.466424,3,15,0,267.742,5.11837,1.32008,0.449683,0.352059
-268.558,0.787331,0.769762,3,7,0,268.921,5.12234,2.62857,0.59246,0.138203
-268.875,0.300995,0.748167,2,7,0,272.739,5.07954,1.25048,0.539704,0.219035
-268.793,1,0.164851,4,15,0,269.339,5.08713,1.75795,0.675503,0.271629
-267.134,0.98813,0.309475,3,15,0,270.074,5.05215,1.3686,0.630701,0.288369
-268.048,0.912179,0.555534,2,7,0,269.662,4.97038,1.11807,0.52427,0.422277
-269.082,0.978143,0.788044,2,3,0,269.308,4.93448,1.18162,0.542244,0.423114
-269.185,0.343209,1.35119,2,3,0,270.52,5.05759,1.76519,0.55932,0.123176
-269.895,0.96227,0.357001,4,15,0,271.124,4.93903,1.20462,0.714593,0.274394
-268.989,0.93989,0.583389,2,7,0,270.516,5.0237,1.97877,0.728398,0.213502
-268.494,0.730611,0.886533,2,3,0,270.606,5.12494,1.13854,0.707406,0.267742
-273.863,0.756451,0.735708,3,7,0,274.136,5.11712,0.97247,0.60893,0.166875
-269.379,1,0.659054,2,3,0,274.711,5.27599,1.27998,0.728117,0.211921
-269.379,0.0755069,1.17236,2,3,0,272.708,5.27599,1.27998,0.728117,0.211921
-272.206,0.992159,0.15733,4,15,0,273.811,5.29372,2.79939,0.820253,0.0693367
-270.363,0.998511,0.27454,4,15,0,273.455,5.2766,1.44153,0.817652,0.14427
-267.946,0.958666,0.482988,3,7,0,271.813,4.98579,1.7253,0.438251,0.238628
-269.62,0.993939,0.755465,2,7,0,270.896,4.94125,1.37828,0.775045,0.178424
-268.746,0.910119,1.28994,2,3,0,269.613,5.06963,1.57152,0.765501,0.207442
-268.746,0.0923697,1.74536,2,3,0,270.662,5.06963,1.57152,0.765501,0.207442
-269.29,0.992809,0.269028,4,15,0,270.049,5.10987,1.46235,0.693086,0.289646
-270.722,0.972649,0.455872,3,7,0,271.712,4.99879,1.50845,0.759877,0.0978748
-269.76,0.880496,0.726811,2,3,0,272.46,4.91076,1.58437,0.498059,0.414631
-270.95,0.550814,0.906223,2,7,0,272.215,5.2281,2.74839,0.690147,0.0350922
-273.45,0.899854,0.482837,3,7,0,273.765,5.19647,1.84534,0.549513,0.0550887
-271.776,0.861836,0.632261,3,7,0,273.591,5.22467,3.12818,0.557784,0.023564
-270.606,0.517649,0.748923,2,3,0,272.074,5.18813,2.752,0.619293,0.0347726
-267.628,0.982715,0.372835,3,7,0,271.915,5.14261,1.67883,0.640911,0.160261
-268.588,0.841711,0.597675,3,7,0,269.471,5.02925,0.628588,0.473746,0.489297
-268.468,0.901104,0.671237,3,7,0,270.394,5.14218,0.862282,0.466913,0.478232
-267.634,0.48229,0.870781,2,3,0,269.986,5.1804,1.82259,0.654733,0.195452
-270.496,0.902111,0.405159,3,7,0,272.493,5.36307,1.35723,0.526428,0.34382
-269.034,0.968329,0.526767,2,7,0,272.579,5.22051,1.6318,0.689789,0.256077
-268.643,1,0.800164,2,3,0,270.071,5.27107,1.5378,0.668596,0.226391
-268.602,1,1.30343,2,3,0,268.957,4.82026,1.03524,0.499039,0.382759
-268.602,7.79877e-05,2.10916,1,3,1,270.83,4.82026,1.03524,0.499039,0.382759
# num_warmup = 1000
# Adaptation terminated
# Step size = 0.632247
# Elements of inverse mass matrix:
# 0.0156936, 0.00132014, 0.0169857, 0.0097108
# 0.00132014, 0.161038, 0.0640309, -0.373145
# 0.0169857, 0.0640309, 0.256275, -0.00829502
# 0.0097108, -0.373145, -0.00829502, 1.57741
-269.259,0.346938,0.632247,3,7,0,271.67,5.10861,1.50832,0.73616,0.247948
-268.862,0.917258,0.632247,3,7,0,270.253,4.91118,1.15676,0.608102,0.363224
-268.27,0.998685,0.632247,3,7,0,270.064,4.87504,1.47923,0.593822,0.316244
-268.611,0.952351,0.632247,3,7,0,270.019,4.92577,1.28537,0.698305,0.250993
-268.149,0.702976,0.632247,2,3,0,271.549,4.99261,2.12084,0.641601,0.215644
-268.593,0.448543,0.632247,2,3,0,271.38,4.84611,1.87464,0.434685,0.247454
-267.986,1,0.632247,3,7,0,269.594,5.12696,0.937783,0.634885,0.320372
-268.932,0.936233,0.632247,2,7,0,269.476,5.11739,0.96254,0.488338,0.473418
-269.385,0.947006,0.632247,3,7,0,271.155,5.0913,2.17313,0.696152,0.0627177
-269.579,0.876429,0.632247,3,7,0,270.664,5.08524,0.814176,0.504254,0.481785
-267.623,0.988084,0.632247,3,7,0,270.113,4.98085,1.5678,0.687945,0.219372
-266.793,0.956333,0.632247,2,7,0,269.205,4.97615,1.35718,0.532189,0.312234
-268.221,0.722503,0.632247,3,7,0,269.391,5.12404,1.378,0.677176,0.286243
-267.069,0.93724,0.632247,2,7,0,268.967,5.07184,1.14268,0.608924,0.290393
-269.545,0.715563,0.632247,2,3,0,272.904,4.96669,1.53569,0.393767,0.465699
-269.861,0.907887,0.632247,3,11,0,272.914,4.819,1.82417,0.601403,0.156593
-271.913,0.772435,0.632247,2,3,0,274.711,4.79662,0.865896,0.648169,0.316328
-268.639,1,0.632247,2,3,0,272.501,4.89719,1.39759,0.681773,0.218354
-268.647,0.987304,0.632247,3,7,0,269.958,5.07527,1.83734,0.342972,0.334802
-268.751,0.740714,0.632247,3,7,0,269.663,5.06271,1.27901,0.757272,0.17086
-268.226,0.775442,0.632247,3,7,0,272.087,5.02716,0.800243,0.465173,0.390078
-267.613,1,0.632247,2,3,0,268.296,5.08643,0.827625,0.524359,0.37455
-268.043,0.885434,0.632247,2,3,0,269.595,5.01238,0.692509,0.490797,0.427019
-270.311,0.826156,0.632247,2,3,0,271.006,4.8515,0.675607,0.54339,0.39687
-271.714,0.951421,0.632247,2,3,0,272.796,4.75334,0.658604,0.508959,0.452087
-267.593,0.959751,0.632247,2,3,0,272.417,5.00688,1.0826,0.614387,0.278792
-270.662,0.695441,0.632247,3,7,0,271.336,5.17801,1.9174,0.307932,0.306095
-272.405,1,0.632247,2,3,0,273.853,5.06916,3.94222,0.416806,0.108441
-271.317,0.6658,0.632247,2,3,0,275.251,5.0132,0.886185,0.235346,0.615629
-268.256,0.741728,0.632247,3,7,0,272.898,4.96693,0.900563,0.471238,0.364917
-267.424,0.938304,0.632247,2,3,0,268.423,5.01659,1.05298,0.506791,0.326597
-268.671,0.782916,0.632247,3,7,0,270.05,5.03011,0.977405,0.574058,0.407948
-268.246,0.671592,0.632247,1,3,0,271.099,4.99918,0.754971,0.527443,0.440841
-270.904,0.927383,0.632247,2,3,0,271.316,4.92306,2.33752,0.729537,0.20912
-269.158,1,0.632247,2,3,0,272.283,5.24338,1.6265,0.448754,0.253556
-271.952,0.703656,0.632247,2,3,0,273.005,5.17533,3.734,0.470115,0.0848319
-267.026,0.968149,0.632247,2,7,0,273.324,5.04268,1.38308,0.586726,0.240758
-267.669,0.949685,0.632247,2,7,0,268.151,4.95502,1.40994,0.609068,0.223149
-268.248,0.965166,0.632247,3,7,0,268.975,4.93845,2.28892,0.591981,0.201045
-269.107,0.566813,0.632247,2,3,0,270.914,4.89366,1.60547,0.438799,0.420496
-268.112,0.590756,0.632247,3,7,0,276.095,4.93723,1.47605,0.692686,0.212139
-267.465,0.986054,0.632247,2,7,0,268.624,4.93824,1.90601,0.588951,0.210279
-267.588,0.832446,0.632247,3,7,0,269.104,5.17325,1.0231,0.577152,0.333936
-268.56,0.989654,0.632247,3,7,0,269.046,5.00508,2.20734,0.737012,0.137359
-267.894,0.480741,0.632247,3,7,0,269.707,5.00585,1.21371,0.343347,0.446607
-267.55,0.700028,0.632247,3,7,0,270.339,4.9192,1.70722,0.470388,0.259653
-268.101,0.521333,0.632247,2,3,0,269.201,4.95622,1.66932,0.532069,0.346566
-267.471,0.981481,0.632247,2,3,0,269.175,5.0099,1.57961,0.682197,0.189084
-268.362,0.596836,0.632247,3,7,0,269.465,4.87274,1.36321,0.435662,0.430861
-267.508,0.896002,0.632247,2,3,0,269.084,4.97187,1.45837,0.396652,0.345772
-267.921,0.486276,0.632247,3,7,0,269.214,4.98807,1.77204,0.719234,0.171749
-267.252,0.993359,0.632247,3,7,0,268.264,5.08559,0.964271,0.439395,0.416009
-266.915,0.944197,0.632247,2,7,0,267.946,5.09728,1.09295,0.551779,0.340012
-267.009,0.960304,0.632247,2,3,0,267.529,5.11134,1.09924,0.506092,0.348916
-267.039,0.815554,0.632247,2,3,0,267.771,5.13124,1.30884,0.489272,0.35106
-269.999,0.265034,0.632247,2,3,0,274.452,5.23464,1.78149,0.678939,0.269649
-268.441,0.656322,0.632247,3,7,0,271.818,4.98533,2.09931,0.613059,0.249151
-267.957,0.990077,0.632247,3,7,0,269.518,5.10517,0.970841,0.63268,0.281212
-269.347,0.596126,0.632247,3,7,0,272.468,5.06902,1.07943,0.544764,0.435805
-269.788,0.925277,0.632247,3,7,0,270.331,5.0626,1.57034,0.641474,0.112087
-269.889,0.815925,0.632247,2,3,0,272.942,5.13359,2.3707,0.827772,0.0850488
-269.526,1,0.632247,2,3,0,270.442,5.12017,1.80048,0.846603,0.109656
-268.722,0.8664,0.632247,3,7,0,271.471,5.09945,1.52936,0.617177,0.144501
-268.688,0.977642,0.632247,2,7,0,269.989,5.10327,1.88375,0.797488,0.112677
-268.608,0.957394,0.632247,2,3,0,270.106,5.01363,1.57295,0.779005,0.169284
-269.457,0.971696,0.632247,3,7,0,270.156,5.13993,1.65523,0.794137,0.187296
-268.969,0.852399,0.632247,3,7,0,271.629,4.84671,1.01175,0.548132,0.40572
-267.867,0.922631,0.632247,3,7,0,273.115,5.14403,1.33759,0.509189,0.38775
-269.572,0.800663,0.632247,3,7,0,272.477,5.17468,1.92294,0.79259,0.075972
-269.058,0.437278,0.632247,3,7,0,276.45,5.0422,0.800564,0.404304,0.54117
-268.711,0.890103,0.632247,2,3,0,271.403,5.19935,2.17994,0.564286,0.116677
-269.421,0.930019,0.632247,3,7,0,271.577,5.1201,1.28933,0.796028,0.1465
-269.015,0.88976,0.632247,3,7,0,272.062,5.25818,2.01249,0.537961,0.156965
-269.371,0.971061,0.632247,3,7,0,270.462,4.77954,0.9589,0.439189,0.422319
-269.054,0.488119,0.632247,3,7,0,272.459,5.28302,1.05844,0.579886,0.343359
-269.363,0.991589,0.632247,3,7,0,270.502,4.77551,0.997517,0.457962,0.448806
-267.838,0.46318,0.632247,2,3,0,273.239,4.89271,1.48361,0.545347,0.339267
-268.188,0.983025,0.632247,3,7,0,269.963,5.16769,2.03646,0.454137,0.26389
-268.863,0.943808,0.632247,2,3,0,269.462,5.24768,2.21655,0.521434,0.173677
-267.28,0.808516,0.632247,2,3,0,270.716,5.15836,1.31985,0.502391,0.353078
-269.509,0.707105,0.632247,2,7,0,272.037,4.77128,0.940132,0.453773,0.454376
-267.11,0.707792,0.632247,3,7,0,271.545,5.06799,1.35684,0.629491,0.23031
-267.876,0.742208,0.632247,3,7,0,269.372,5.02546,0.787418,0.389689,0.489397
-268.515,0.924302,0.632247,2,7,0,269.833,5.09507,0.611426,0.466656,0.462289
-268.638,0.958003,0.632247,3,7,0,269.613,4.98263,2.30936,0.626717,0.211763
-269.229,0.998046,0.632247,3,7,0,269.973,5.18209,1.01155,0.691179,0.221312
-269.844,0.917907,0.632247,1,1,0,270.031,5.2227,0.980583,0.689232,0.222277
-273.267,0.752814,0.632247,3,7,0,275.213,5.00134,3.18855,0.234095,0.224543
-269.626,0.966103,0.632247,2,3,0,274.58,4.99376,2.53818,0.335165,0.233013
-269.717,0.989298,0.632247,3,7,0,271.537,4.91531,0.919887,0.655183,0.279642
-271.773,0.97753,0.632247,3,7,0,272.771,5.07207,2.48623,0.752189,0.205646
-270.475,0.97637,0.632247,3,7,0,273.737,4.97006,0.586368,0.511992,0.481404
-274.713,0.447317,0.632247,2,3,0,277.478,4.79067,0.380789,0.471299,0.522605
-267.391,1,0.632247,2,3,0,274.294,5.16087,1.42159,0.546657,0.250752
-267.643,0.995525,0.632247,3,7,0,267.833,4.86457,1.42221,0.498726,0.328536
-267.071,0.929794,0.632247,2,3,0,267.982,5.03294,1.46937,0.584197,0.309821
-268.65,0.904599,0.632247,2,3,0,269.811,5.09688,0.618896,0.526014,0.434249
-268.021,1,0.632247,2,3,0,269.711,5.03579,0.722386,0.486083,0.46751
-267.332,0.945979,0.632247,3,7,0,269.456,5.07071,2.12084,0.580853,0.186344
-271.821,0.500936,0.632247,2,3,0,273.112,5.09781,0.60966,0.658387,0.336972
-269.976,0.967569,0.632247,3,7,0,271.942,4.93676,2.88308,0.526303,0.0603204
-268.762,0.978845,0.632247,3,7,0,270.486,5.09207,1.10299,0.46108,0.474844
-267.696,0.989746,0.632247,3,7,0,269.104,5.09331,1.8251,0.726319,0.161283
-267.148,0.848028,0.632247,2,3,0,270.317,4.94982,1.30924,0.571182,0.287214
-267.414,0.937003,0.632247,3,7,0,268.474,5.16135,1.89779,0.604399,0.19674
-268.655,0.779251,0.632247,3,7,0,269.576,5.15972,2.21815,0.522231,0.256399
-269.05,0.95973,0.632247,2,7,0,270.285,5.0579,0.846953,0.658419,0.276883
-267.578,0.966028,0.632247,2,7,0,270.655,5.13563,1.4077,0.428903,0.385197
-267.737,0.971354,0.632247,3,7,0,268.223,4.97877,1.32138,0.676309,0.259306
-268.674,0.907207,0.632247,2,7,0,269.919,4.9515,2.00138,0.444447,0.178623
-269.24,0.863565,0.632247,3,7,0,273.824,4.8185,0.893563,0.386789,0.514342
-267.694,0.376644,0.632247,2,3,0,271.16,4.9613,1.14665,0.535878,0.399841
-268.405,0.876138,0.632247,3,7,0,271.34,5.19426,1.38312,0.741869,0.179627
-268.428,0.928034,0.632247,2,7,0,270.226,4.88675,0.8704,0.414764,0.500203
-268.133,1,0.632247,3,7,0,268.955,5.23283,1.46494,0.674953,0.223727
-268.179,0.936871,0.632247,3,7,0,270.137,4.84925,1.13089,0.44151,0.440248
-268.288,0.501357,0.632247,3,7,0,272.473,5.05971,1.82504,0.648364,0.267982
-268.051,0.97721,0.632247,2,7,0,269.326,4.99453,0.802022,0.558473,0.404842
-268.347,0.951606,0.632247,3,7,0,269.843,5.25239,1.12495,0.561325,0.330776
-267.861,1,0.632247,2,7,0,269.225,5.1355,1.0397,0.394951,0.429329
-268.114,0.568718,0.632247,2,3,0,268.915,5.1537,0.965954,0.456447,0.461222
-270.113,0.629623,0.632247,2,3,0,274.434,5.0183,0.483088,0.408203,0.560207
-268.63,0.956968,0.632247,3,7,0,271.693,5.05497,2.12222,0.773608,0.11979
-268.22,0.864535,0.632247,3,7,0,270.035,5.16559,0.767687,0.480296,0.417591
-268.156,0.896162,0.632247,2,3,0,269.148,5.13442,0.998482,0.440526,0.367821
-267.96,0.787381,0.632247,3,7,0,269.606,5.02893,1.00386,0.354629,0.456654
-271.028,0.57387,0.632247,3,7,0,272.439,4.95559,1.69388,0.856322,0.121496
-270.129,1,0.632247,2,3,0,271.397,5.04495,2.18261,0.845013,0.115297
-267.56,0.93507,0.632247,3,7,0,270.232,5.08431,1.21653,0.38836,0.398689
-269.351,0.72651,0.632247,3,7,0,270.281,4.83364,2.29802,0.599793,0.139806
-268.719,0.797446,0.632247,3,7,0,271.22,5.09757,2.65881,0.594285,0.0880967
-270.638,0.923842,0.632247,3,11,0,272.388,5.0908,0.535757,0.585406,0.36476
-267.189,1,0.632247,2,3,0,270.967,5.11525,0.997014,0.548696,0.370347
-267.718,0.857817,0.632247,3,7,0,270.126,5.0744,0.859523,0.536276,0.419756
-268.965,0.845705,0.632247,2,3,0,269.147,5.05814,1.13745,0.498534,0.263447
-267.755,1,0.632247,3,7,0,269.234,5.06796,1.7832,0.581432,0.293311
-271.541,0.647371,0.632247,2,7,0,275.826,4.93433,1.66246,0.711354,0.2828
-270.145,0.928613,0.632247,3,7,0,272.533,5.09569,0.834386,0.634264,0.361679
-270.778,0.888983,0.632247,2,7,0,271.551,5.2334,1.52028,0.678299,0.305435
-270.507,0.944645,0.632247,2,7,0,272.973,5.1547,0.941811,0.655101,0.341505
-271.837,0.85704,0.632247,2,7,0,272.284,5.18223,1.89178,0.700109,0.284479
-273.015,0.780528,0.632247,1,1,0,273.318,5.21832,2.15791,0.714632,0.265327
-268.969,0.921295,0.632247,3,7,0,274.233,5.02252,2.1697,0.509675,0.108873
-268.535,1,0.632247,2,3,0,269.853,5.18941,2.28843,0.634169,0.1058
-267.535,0.859464,0.632247,2,3,0,269.327,5.11307,0.928247,0.459482,0.449737
-269.279,0.79055,0.632247,2,3,0,270.352,5.1083,2.96053,0.574307,0.0964883
-269.418,0.548706,0.632247,3,7,0,270.795,4.92704,1.14463,0.338046,0.534594
-270.042,0.225897,0.632247,3,7,0,271.693,4.86852,1.5372,0.39918,0.465813
-267.378,1,0.632247,2,3,0,270.29,4.98893,1.79216,0.482253,0.31614
-268.591,0.57525,0.632247,2,7,0,269.541,5.13795,1.52856,0.744164,0.129996
-269.465,0.799976,0.632247,3,7,0,272.62,4.97842,1.23492,0.582464,0.397925
-269.583,0.987191,0.632247,2,3,0,269.989,4.9477,0.916022,0.626368,0.363531
-269.35,0.985056,0.632247,3,7,0,271.063,5.21249,1.14479,0.636088,0.342719
-268.92,0.991143,0.632247,3,7,0,270.048,4.96875,1.62578,0.558709,0.158982
-268.765,0.860489,0.632247,3,7,0,270.411,5.08809,1.24184,0.708253,0.275274
-271.581,0.984755,0.632247,2,7,0,272.638,4.97543,1.73467,0.788078,0.208202
-272.396,0.995839,0.632247,3,7,0,273.627,5.09563,1.08554,0.563728,0.435011
-272.26,0.474738,0.632247,2,3,0,277.841,5.10511,0.981067,0.592127,0.407234
-273.134,0.870847,0.632247,3,7,0,274.572,5.04215,1.27614,0.594409,0.404775
-272.42,0.830533,0.632247,3,7,0,276.025,5.10438,0.566131,0.606326,0.392308
-267.579,0.856216,0.632247,3,15,0,274.917,5.11048,1.48982,0.695403,0.236918
-267.943,0.557477,0.632247,3,7,0,269.057,5.18538,0.910227,0.554648,0.376567
-269.404,0.913626,0.632247,2,3,0,270.075,5.19731,0.742632,0.620858,0.331473
-269.533,0.966321,0.632247,2,3,0,271.282,5.17328,0.644268,0.450152,0.511205
-268.217,0.785075,0.632247,2,3,0,269.777,5.12738,0.76801,0.418486,0.493069
-266.802,0.762297,0.632247,2,3,0,271.618,5.04883,1.60579,0.524255,0.256025
-267.467,0.872456,0.632247,3,7,0,269.136,5.00418,1.56875,0.682726,0.195285
-268.392,0.944318,0.632247,2,3,0,268.762,5.1611,1.33177,0.725951,0.170997
-268.841,0.917869,0.632247,3,7,0,270.147,5.07994,2.14396,0.681763,0.21867
-267.809,0.929398,0.632247,3,7,0,271.499,5.04257,0.877568,0.490042,0.458253
-268.235,0.970776,0.632247,3,7,0,269.201,5.11524,0.712603,0.516013,0.442157
-267.534,0.663925,0.632247,2,3,0,273.832,4.98003,1.27968,0.371837,0.429286
-267.646,0.808684,0.632247,3,7,0,268.518,5.02858,1.80127,0.66714,0.147539
-267.523,0.869718,0.632247,3,7,0,269.464,5.16325,1.48814,0.649964,0.258032
-269.524,0.923887,0.632247,2,3,0,270.18,4.98824,0.859882,0.417831,0.539283
-267.571,1,0.632247,2,3,0,269.516,5.01976,1.08678,0.614639,0.339632
-272.594,0.684395,0.632247,2,3,0,273.678,5.40889,2.10313,0.54078,0.116092
-272.862,0.945517,0.632247,3,7,0,275.861,4.83267,1.48754,0.79635,0.121592
-270.953,1,0.632247,3,7,0,274.197,5.37927,1.88729,0.679123,0.200899
-271.948,0.925759,0.632247,3,7,0,273.944,4.77783,2.63993,0.534797,0.265168
-269.188,0.886282,0.632247,2,7,0,272.588,4.87051,1.38254,0.390965,0.315987
-268.146,1,0.632247,3,7,0,269.38,4.91713,0.906643,0.511292,0.437882
-267.919,0.95661,0.632247,2,7,0,269.464,5.11995,1.04901,0.599161,0.363762
-268.503,0.921343,0.632247,2,7,0,269.922,5.22683,0.99569,0.440892,0.432073
-267.017,0.873978,0.632247,2,3,0,270.82,5.04953,1.24023,0.508614,0.302022
-269.912,0.755294,0.632247,2,3,0,270.253,5.15996,1.09976,0.395464,0.517491
-269.212,1,0.632247,3,7,0,270.886,4.97577,1.94167,0.777338,0.105802
-267.753,1,0.632247,3,7,0,270.024,5.04591,1.49771,0.37032,0.366403
-270.137,0.972312,0.632247,3,7,0,270.746,4.84833,0.803001,0.588554,0.350522
-268.405,0.913966,0.632247,2,3,0,271.777,5.04855,0.73101,0.580616,0.359748
-268.4,0.832144,0.632247,3,7,0,271.698,4.97556,2.42716,0.482361,0.234927
-267.053,0.886614,0.632247,2,7,0,269.266,5.00263,1.27331,0.523111,0.37254
-268.518,0.887274,0.632247,2,3,0,268.899,4.81343,1.53331,0.403466,0.355734
-268.584,0.354801,0.632247,2,3,0,271.007,5.08166,1.67932,0.510204,0.369908
-267.38,0.959814,0.632247,2,3,0,269.951,5.15562,1.59604,0.620775,0.193259
-269.037,0.857007,0.632247,2,3,0,270.103,5.18772,2.61093,0.642632,0.116989
-267.113,1,0.632247,2,3,0,269.344,5.03373,1.04801,0.515172,0.404758
-267.443,0.964662,0.632247,3,7,0,267.61,5.05948,1.40339,0.477483,0.272566
-268.573,0.650359,0.632247,2,7,0,270.052,5.17296,1.93232,0.533528,0.142626
-266.85,1,0.632247,2,3,0,268.839,5.01795,1.63501,0.586515,0.256348
-267.236,0.916844,0.632247,2,3,0,267.612,5.03345,1.33543,0.638984,0.288175
-267.236,0.553199,0.632247,1,3,0,271.248,5.03345,1.33543,0.638984,0.288175
-268.675,0.905592,0.632247,2,5,0,269.092,5.15959,1.23775,0.479924,0.273328
-268.675,0.0523453,0.632247,2,3,0,273.551,5.15959,1.23775,0.479924,0.273328
-269.694,1,0.632247,3,7,0,270.229,5.14121,0.947349,0.375197,0.541336
-270.886,0.908538,0.632247,2,3,0,272.44,5.10206,3.07179,0.627475,0.158896
-268.565,1,0.632247,2,7,0,270.48,4.99821,0.611956,0.41383,0.506194
-268.398,0.862315,0.632247,3,7,0,272.095,4.94455,0.805368,0.546776,0.364357
-271.812,0.814387,0.632247,2,3,0,272.158,4.94642,0.396403,0.380176,0.598235
-268.762,0.943437,0.632247,2,3,0,272.94,4.89745,0.717171,0.494221,0.459423
-268.303,0.782781,0.632247,3,7,0,271.724,4.94621,1.42763,0.479098,0.414571
-268.423,0.992912,0.632247,2,7,0,269.328,4.83213,1.91701,0.542129,0.230073
-268.976,0.988923,0.632247,3,7,0,269.381,5.25939,1.12333,0.671431,0.258704
-269.83,0.90091,0.632247,3,7,0,272.417,4.99012,2.47182,0.344757,0.182272
-267.625,1,0.632247,2,3,0,270.132,5.13652,1.87882,0.53818,0.273272
-267.686,0.886852,0.632247,3,7,0,269.935,4.98618,1.19436,0.566644,0.376538
-267.177,0.816066,0.632247,2,3,0,270.08,5.08495,1.02879,0.525721,0.397685
-267.986,0.908081,0.632247,2,7,0,268.863,5.1182,0.816189,0.589236,0.35885
-267.378,0.911892,0.632247,3,7,0,269.72,4.99894,1.8548,0.570599,0.267216
-267.444,0.999005,0.632247,3,7,0,268.065,5.09862,1.09435,0.634147,0.27417
-266.924,0.963959,0.632247,3,7,0,268.507,5.03961,1.42485,0.445601,0.338019
-267.127,0.726745,0.632247,2,3,0,267.757,4.97066,1.33506,0.462946,0.391606
-268.061,0.993963,0.632247,3,7,0,268.508,4.99577,2.42047,0.490483,0.20893
-267.168,1,0.632247,2,7,0,268.224,5.08258,0.960384,0.549024,0.348966
-267.601,0.813475,0.632247,2,7,0,269.184,4.88186,1.64345,0.529641,0.267686
-267.449,0.761895,0.632247,2,7,0,268.856,4.97181,1.33536,0.552375,0.36075
-267.449,0.995982,0.632247,2,3,0,267.845,4.97095,1.16195,0.56712,0.366941
-270.793,0.859685,0.632247,2,7,0,271.213,4.80494,2.22264,0.651581,0.101261
-273.224,0.654974,0.632247,3,7,0,275.676,5.44783,1.15506,0.645816,0.307154
-268.678,0.991227,0.632247,2,3,0,273.753,5.07674,1.78631,0.358632,0.292691
-267.752,1,0.632247,3,7,0,268.758,5.07649,1.45997,0.397201,0.410957
-267.752,0.334694,0.632247,2,3,0,269.556,5.07649,1.45997,0.397201,0.410957
-267.72,0.919457,0.632247,3,7,0,270.21,5.05778,1.724,0.732369,0.17037
-267.694,0.167349,0.632247,3,7,0,274.27,4.99434,1.76743,0.44192,0.242215
-267.694,0.127524,0.632247,2,3,0,269.243,4.99434,1.76743,0.44192,0.242215
-268.168,0.2481,0.632247,3,7,0,271.193,5.15374,2.38655,0.581106,0.163244
-268.308,0.9947,0.632247,3,7,0,269.344,5.11618,1.28131,0.748592,0.191024
-268.873,0.496172,0.632247,2,7,0,271.284,4.98751,0.863535,0.652318,0.3085
-268.845,0.995529,0.632247,3,7,0,269.867,5.16817,2.3804,0.669049,0.166992
-270.688,0.916552,0.632247,2,7,0,271.377,4.86682,0.640345,0.521573,0.46666
-270.132,0.97113,0.632247,2,7,0,272.275,4.84273,1.02157,0.50793,0.464118
-269.485,1,0.632247,2,3,0,270.597,4.83012,1.14267,0.576442,0.384304
-272.307,0.743713,0.632247,2,3,0,273.524,4.72706,0.71386,0.51682,0.459775
-269.614,0.991792,0.632247,3,7,0,272.848,5.32197,1.26922,0.565747,0.333817
-268.046,0.992796,0.632247,3,7,0,270.618,4.88713,1.5125,0.564881,0.329634
-267.9,0.979597,0.632247,2,7,0,268.739,4.8772,1.11927,0.51759,0.340734
-269.608,0.75233,0.632247,3,7,0,271.607,5.1318,1.01614,0.293851,0.519583
-269.869,0.178544,0.632247,3,7,0,272.849,5.21684,0.74708,0.403901,0.527029
-268.894,0.971367,0.632247,3,7,0,272.66,4.84194,0.970137,0.477292,0.460091
-271.481,0.885816,0.632247,2,3,0,272.324,4.77623,0.641629,0.495714,0.480352
-267.311,0.736746,0.632247,2,7,0,273.679,4.92353,1.11357,0.496143,0.356871
-268.019,0.834813,0.632247,3,7,0,271.922,5.12969,1.15854,0.704428,0.238281
-268.058,0.929161,0.632247,2,7,0,268.654,5.14662,1.77254,0.727847,0.129953
-269.721,0.77586,0.632247,2,3,0,272.316,4.95121,1.72208,0.763178,0.109592
-270.343,0.895673,0.632247,2,3,0,272.124,5.03587,1.1569,0.800255,0.162782
-269.076,1,0.632247,3,7,0,271.119,5.00429,2.08593,0.328964,0.297007
-268.988,0.972705,0.632247,3,7,0,271.684,5.19651,1.0012,0.361158,0.462088
-267.73,1,0.632247,2,3,0,269.051,5.12352,1.12054,0.391566,0.420875
-267.73,0.157459,0.632247,2,3,0,270.278,5.12352,1.12054,0.391566,0.420875
-271.344,0.169601,0.632247,2,7,0,272.976,4.90473,0.774207,0.668207,0.319863
-269.413,0.859029,0.632247,3,7,0,272.851,5.21234,0.843249,0.370239,0.478648
-267.273,1,0.632247,2,3,0,269.658,5.08606,0.967547,0.573866,0.333119
-267.951,0.883066,0.632247,3,15,0,268.338,4.989,0.883503,0.484903,0.464406
-268.505,0.983931,0.632247,3,7,0,268.764,5.17379,2.23573,0.671575,0.0996102
-273.833,0.665682,0.632247,2,3,0,274.518,5.3353,2.78472,0.495828,0.0263967
-274.063,0.0969359,0.632247,3,15,0,279.808,4.98229,1.38819,0.671071,0.328735
-272.854,0.555076,0.632247,3,7,0,276.974,5.17831,1.20032,0.651193,0.348194
-268.397,0.930343,0.632247,3,7,0,273.886,4.95204,2.01943,0.713949,0.144774
-268.576,0.96976,0.632247,3,7,0,269.759,4.98475,0.94122,0.32325,0.489677
-267.578,0.950134,0.632247,3,7,0,269.577,5.0586,1.41866,0.658375,0.190035
-267.09,0.939526,0.632247,2,3,0,268.13,5.05022,1.48719,0.65836,0.239196
-267.011,0.973637,0.632247,3,7,0,267.53,4.96924,1.33109,0.445627,0.38477
-269.694,0.859695,0.632247,2,7,0,269.87,4.74648,1.5206,0.368679,0.37959
-269.703,0.732172,0.632247,2,3,0,271.594,4.88447,1.66083,0.366073,0.450401
-271.848,1,0.632247,2,3,0,272.224,4.81735,3.16017,0.31137,0.168383
-271.38,0.995536,0.632247,3,7,0,273.814,5.24172,0.777157,0.690131,0.250607
-269.829,0.716709,0.632247,3,7,0,273.405,5.25864,1.4189,0.691614,0.139822
-270.168,0.812578,0.632247,3,7,0,274.986,4.71557,1.52327,0.471051,0.377747
-266.814,0.948037,0.632247,2,3,0,270.614,5.00074,1.27644,0.472105,0.343206
-269.944,0.548494,0.632247,2,3,0,270.715,5.26062,0.73553,0.582365,0.384293
-270.199,0.746591,0.632247,2,3,0,272.756,4.98679,0.816828,0.40832,0.382857
-269.346,1,0.632247,2,3,0,270.788,5.03236,0.593985,0.438143,0.447573
-272.469,0.554509,0.632247,3,7,0,274.194,5.0922,3.35571,0.766659,0.0895964
-267.755,0.950142,0.632247,2,3,0,273.987,5.13324,1.48129,0.728018,0.184945
-266.702,0.960404,0.632247,3,7,0,268.629,5.05704,1.43346,0.551655,0.304297
-267.063,0.92556,0.632247,2,3,0,267.624,5.02346,1.40135,0.422743,0.354922
-267.985,0.836096,0.632247,2,3,0,270.129,4.85329,1.23313,0.412687,0.423525
-267.056,0.931012,0.632247,3,7,0,268.593,5.0618,1.15042,0.568031,0.291809
-267.524,0.90665,0.632247,3,7,0,268.638,5.0268,2.15139,0.514339,0.174414
-267.424,0.918577,0.632247,3,7,0,269.95,5.07422,0.899121,0.532955,0.354817
-267.426,0.955863,0.632247,3,7,0,268.838,5.0016,1.87653,0.609667,0.242446
-268.666,0.856083,0.632247,2,7,0,269.378,4.98713,1.60764,0.699908,0.260988
-267.691,0.99542,0.632247,3,7,0,268.902,5.02715,1.02926,0.46046,0.349878
-267.298,0.999688,0.632247,2,7,0,268.262,4.97962,0.914102,0.509791,0.413031
-268.406,0.888448,0.632247,2,3,0,269.174,5.09139,2.52813,0.646816,0.110121
-268.705,0.782598,0.632247,3,7,0,271.404,5.04139,0.936185,0.640866,0.343638
-270.61,0.85787,0.632247,2,3,0,271.363,5.01105,0.594535,0.508233,0.486913
-269.902,0.958119,0.632247,3,7,0,271.414,5.05938,1.44496,0.635943,0.348311
-271.921,0.78447,0.632247,2,7,0,272.467,5.04303,1.32424,0.831999,0.165413
-269.513,0.788025,0.632247,3,7,0,274.438,5.00693,2.09145,0.616389,0.284104
-270.054,0.971836,0.632247,3,7,0,272.283,5.05311,0.921689,0.736964,0.245746
-266.857,0.808022,0.632247,2,7,0,272.303,5.02797,1.13332,0.566052,0.326158
-269.432,0.689227,0.632247,3,7,0,272.335,5.13353,1.00056,0.74396,0.220513
-267.557,0.927629,0.632247,2,3,0,270.486,4.97911,1.20095,0.421252,0.355042
-267.449,0.212722,0.632247,3,7,0,270.685,4.95377,1.17975,0.602968,0.321823
-266.877,0.889697,0.632247,3,7,0,270.028,5.10404,1.16378,0.551536,0.338648
-270.77,0.8445,0.632247,2,3,0,270.913,5.25935,2.76228,0.6733,0.140797
-270.461,1,0.632247,2,3,0,273.271,5.37364,1.6107,0.62564,0.239691
-269.137,0.998587,0.632247,3,7,0,271.077,5.28425,1.90226,0.546223,0.176987
-269.025,0.94928,0.632247,3,7,0,270.466,4.77089,1.23983,0.464262,0.400135
-270.589,0.770013,0.632247,2,7,0,272.49,5.30528,1.98394,0.808094,0.134367
-267.398,0.958015,0.632247,3,7,0,271.772,4.93684,1.10994,0.564725,0.349944
-267.84,0.950753,0.632247,3,7,0,269.463,5.08794,2.12269,0.539406,0.141447
-268.127,0.865898,0.632247,2,3,0,271.297,5.02828,1.17219,0.409213,0.477697
-268.762,0.76897,0.632247,2,3,0,271.247,5.0665,2.36697,0.50524,0.103538
-268.235,1,0.632247,3,7,0,269.33,5.19541,1.14372,0.588337,0.357941
-267.68,0.265981,0.632247,2,3,0,272.417,5.0009,1.16095,0.398801,0.466549
-267.932,0.723508,0.632247,3,7,0,269.19,5.01918,1.0558,0.620946,0.265045
-269.407,0.971113,0.632247,2,3,0,270.087,5.08185,2.63756,0.742328,0.0933578
-267.267,0.94125,0.632247,2,3,0,270.602,5.04348,1.44442,0.663691,0.256343
-267.774,0.871833,0.632247,3,7,0,270.129,5.1262,1.02391,0.634939,0.319484
-268.436,0.935525,0.632247,2,7,0,268.928,5.09021,0.847422,0.644686,0.316313
-270.067,0.974663,0.632247,3,7,0,270.315,4.98783,0.778435,0.347665,0.587942
-268.034,1,0.632247,2,3,0,271.279,4.84112,1.39806,0.524468,0.3086
-270.667,0.81891,0.632247,2,7,0,272.292,5.10174,3.0985,0.723359,0.0604718
-268.804,0.855483,0.632247,3,7,0,273.235,5.01109,0.639603,0.42684,0.527833
-268.184,0.980443,0.632247,3,7,0,269.682,5.09764,2.24236,0.675798,0.171912
-268.424,0.967458,0.632247,3,7,0,269.418,5.00825,0.87402,0.423216,0.394757
-267.253,1,0.632247,3,7,0,268.721,5.13418,1.87633,0.615734,0.200279
-270.693,0.751792,0.632247,2,3,0,272.132,4.78471,0.955091,0.607959,0.336178
-268.229,0.758215,0.632247,2,3,0,273.432,4.97577,2.40731,0.464763,0.161546
-269.6,0.297073,0.632247,2,7,0,274.561,4.92637,1.94328,0.594909,0.311898
-268.333,0.947528,0.632247,2,3,0,270.602,4.97772,2.00507,0.679567,0.215147
-268.862,0.825579,0.632247,3,7,0,269.91,5.05011,0.590186,0.409022,0.495283
-270.349,0.847471,0.632247,3,7,0,270.764,5.01963,2.6304,0.737316,0.159301
-267.725,0.671581,0.632247,3,7,0,271.142,5.02959,1.09162,0.457757,0.336187
-267.852,1,0.632247,2,3,0,268.308,4.98742,0.846629,0.56221,0.393773
-268.09,0.967189,0.632247,3,7,0,269.429,5.12296,2.43198,0.575522,0.161565
-269.278,0.524498,0.632247,2,7,0,271.467,5.1579,1.01342,0.723997,0.214173
-267.381,0.991899,0.632247,2,7,0,269.764,5.03419,2.08116,0.613157,0.162098
-266.987,0.966933,0.632247,2,3,0,267.947,5.01401,1.2425,0.596041,0.314819
-268.3,0.90669,0.632247,3,7,0,271.219,5.22541,2.07666,0.584089,0.156916
-268.567,0.957806,0.632247,2,3,0,269.56,5.25391,1.56545,0.631735,0.179389
-267.832,0.969326,0.632247,2,3,0,269.227,5.17075,1.32448,0.653307,0.207314
-268.28,0.964273,0.632247,2,3,0,268.853,5.2074,1.87699,0.686742,0.130104
-268.471,0.952181,0.632247,2,3,0,269.331,5.2505,1.83589,0.677918,0.154858
-267.52,0.979767,0.632247,2,7,0,269.08,5.02896,1.8753,0.63037,0.15042
-269.336,0.453289,0.632247,3,7,0,272.33,5.19609,0.880263,0.615336,0.368306
-267.401,0.979374,0.632247,2,3,0,269.538,5.05145,1.69869,0.587765,0.176102
-268.434,0.276139,0.632247,3,7,0,272.36,4.93905,1.22476,0.374747,0.367737
-269.568,0.903846,0.632247,3,7,0,270.412,4.77811,0.92695,0.425127,0.485103
-269.245,0.909534,0.632247,3,7,0,272.28,5.14414,0.720172,0.617553,0.361482
-267.282,1,0.632247,2,3,0,269.455,5.1295,1.25567,0.443509,0.363255
-268.202,0.772583,0.632247,3,7,0,269.245,4.91533,2.37447,0.508129,0.181898
-267.892,1,0.632247,2,3,0,268.411,4.94551,2.23408,0.519858,0.168493
-267.848,0.910531,0.632247,3,7,0,268.997,4.9289,1.87762,0.640735,0.215099
-267.023,0.9711,0.632247,3,7,0,269.462,4.96307,1.10513,0.447503,0.401905
-268.206,0.739231,0.632247,2,3,0,272.223,5.19763,1.0537,0.419469,0.41799
-268.542,0.882788,0.632247,3,7,0,269.766,4.93718,1.96477,0.721135,0.168888
-267.876,0.908106,0.632247,3,7,0,272.012,5.04422,2.01756,0.601288,0.127101
-268.871,0.340382,0.632247,3,7,0,271.218,4.99916,2.73583,0.573184,0.160134
-270.185,0.640882,0.632247,2,3,0,271.535,4.92597,2.14445,0.437132,0.126849
-270.09,0.558494,0.632247,3,7,0,274.099,4.93201,2.46895,0.553031,0.266407
-268.41,0.925461,0.632247,2,3,0,271.086,5.03173,1.37483,0.413889,0.293155
-267.288,1,0.632247,2,7,0,269.284,4.993,1.88459,0.493266,0.285081
-267.398,0.753001,0.632247,3,7,0,270.191,5.1674,1.07614,0.518228,0.349126
-267.422,0.831945,0.632247,2,3,0,271.546,5.04371,2.14124,0.541855,0.169546
-275.203,0.558241,0.632247,2,3,0,276.755,5.5003,2.62023,0.455825,0.136014
-268.34,0.337729,0.632247,2,7,0,277.233,4.96941,0.829248,0.501298,0.463298
-267.381,0.172423,0.632247,3,7,0,270.179,4.93017,1.15541,0.41017,0.431154
-267.553,0.451284,0.632247,3,7,0,269.261,5.10091,2.06143,0.523076,0.244635
-269.018,0.72953,0.632247,3,7,0,270.875,5.17372,1.54068,0.710945,0.258466
-271.91,0.997695,0.632247,3,7,0,273.042,4.87434,1.26028,0.597378,0.397958
-275.34,0.361251,0.632247,4,15,0,280.244,4.94119,0.376709,0.34825,0.649274
-274.79,1,0.632247,3,7,0,277.456,5.27109,2.85516,0.887711,0.0974994
-271.422,1,0.632247,2,3,0,275.09,5.04968,1.35988,0.848864,0.144699
-271.228,0.833459,0.632247,3,7,0,273.919,4.9931,2.03835,0.607711,0.0548713
-270.788,0.791681,0.632247,2,7,0,273.759,5.04482,2.54818,0.783074,0.0354343
-267.503,0.641294,0.632247,2,3,0,272.112,5.12114,0.97823,0.573629,0.318198
-267.357,0.988933,0.632247,3,7,0,268.238,5.09742,1.59956,0.692248,0.212726
-270.47,0.737839,0.632247,2,3,0,271.186,5.28034,0.882111,0.599849,0.382421
-269.406,0.895078,0.632247,2,3,0,272.078,5.00705,1.10318,0.498185,0.264851
-269.406,0.270445,0.632247,3,7,0,272.288,5.00705,1.10318,0.498185,0.264851
-268.609,1,0.632247,2,3,0,270.08,5.09371,0.999568,0.58223,0.262427
-268.609,0.0468843,0.632247,2,3,0,271.209,5.09371,0.999568,0.58223,0.262427
-267.808,0.77791,0.632247,2,3,0,272.57,5.17425,1.73287,0.697768,0.197729
-267.646,0.991867,0.632247,3,7,0,268.192,5.16532,1.35972,0.668059,0.259167
-267.284,0.963034,0.632247,3,7,0,267.984,4.96046,1.7129,0.454888,0.324669
-268.265,0.52532,0.632247,3,7,0,269.764,5.13086,2.36836,0.594967,0.107296
-269.761,0.598149,0.632247,3,7,0,270.552,5.02635,0.556285,0.433703,0.542486
-269.57,1,0.632247,2,7,0,270.844,4.99435,0.800898,0.577175,0.304809
-268.587,0.973426,0.632247,3,7,0,270.001,5.0601,2.37754,0.468452,0.128806
-267.643,1,0.632247,2,3,0,269.592,4.9238,1.55732,0.531076,0.339188
-267.33,0.982743,0.632247,2,7,0,267.914,4.91686,1.53531,0.464695,0.348602
-267.52,0.963725,0.632247,2,7,0,268.448,5.16772,1.76697,0.499263,0.256357
-266.986,0.972101,0.632247,3,7,0,268.382,4.96175,1.28546,0.555859,0.327998
-267.551,0.929994,0.632247,2,7,0,268.914,5.04525,1.26844,0.684253,0.255614
-269.184,0.68206,0.632247,3,7,0,271.057,5.17001,1.0439,0.562235,0.413356
-268.114,0.87153,0.632247,3,7,0,272.215,4.98668,1.35492,0.514989,0.239776
-269.318,0.993455,0.632247,2,3,0,269.479,4.98474,2.03883,0.542794,0.322392
-268.085,0.782911,0.632247,3,7,0,271.702,5.18331,1.16307,0.616682,0.244038
-268.913,0.547725,0.632247,2,7,0,273.095,5.17243,0.915619,0.494636,0.462936
-270.027,0.748195,0.632247,3,7,0,272.222,5.29559,1.32987,0.713548,0.163236
-267.909,0.635415,0.632247,2,7,0,271.895,4.95347,2.31765,0.558902,0.164462
-268.759,0.941012,0.632247,3,7,0,269.913,5.21085,1.56173,0.413063,0.30421
-269.625,0.720408,0.632247,2,7,0,272.185,5.10628,2.74481,0.731287,0.0858507
-266.881,0.971449,0.632247,2,7,0,270.526,5.056,1.62846,0.504243,0.304668
-269.057,0.900184,0.632247,2,3,0,269.294,4.95519,0.799261,0.616902,0.330271
-267.637,0.982736,0.632247,2,3,0,269.737,4.91333,1.12973,0.564748,0.355052
-268.469,0.934843,0.632247,3,7,0,269.293,5.13978,2.172,0.623861,0.0963352
-268.551,0.737119,0.632247,3,7,0,270.634,5.20467,0.822268,0.500693,0.438125
-269.394,0.511402,0.632247,3,7,0,270.488,5.01486,0.932533,0.3558,0.416115
-269.354,1,0.632247,2,3,0,270.998,5.19834,0.755819,0.62004,0.351459
-266.987,1,0.632247,2,3,0,269.262,5.09658,1.18616,0.560581,0.347667
-267.477,0.942343,0.632247,2,3,0,268.116,5.02109,1.72917,0.641778,0.251556
-267.191,0.834781,0.632247,2,7,0,268.005,5.03619,1.35671,0.521576,0.369911
-267.493,0.901371,0.632247,3,7,0,269.032,4.9991,1.47513,0.678515,0.241132
-268.02,0.933882,0.632247,3,7,0,269.722,5.1505,1.56,0.725665,0.151618
-268.77,0.944185,0.632247,3,7,0,270.49,5.12154,1.53672,0.788661,0.129111
-267.202,0.559248,0.632247,2,7,0,270.438,4.95604,1.72611,0.477845,0.308206
-268.957,0.869583,0.632247,3,7,0,270.281,5.21758,0.728052,0.528242,0.400418
-269.117,0.59504,0.632247,3,7,0,271.825,5.17642,2.25242,0.764955,0.131406
-269.887,0.933504,0.632247,3,7,0,271.577,4.81902,1.15972,0.641143,0.273077
-268.153,1,0.632247,2,3,0,270.002,4.85161,1.30607,0.572376,0.308196
-268.964,0.937982,0.632247,3,7,0,269.706,5.19758,1.69515,0.741796,0.213852
-269.27,0.93654,0.632247,3,7,0,270.689,5.05598,0.89873,0.518875,0.464629
-268.813,0.972513,0.632247,3,7,0,270.02,4.98917,1.50814,0.729552,0.242666
-269.308,0.898357,0.632247,2,3,0,269.652,5.03273,1.20043,0.74607,0.240364
-269.782,0.91491,0.632247,3,7,0,271.312,4.98263,2.23403,0.761912,0.175328
-268.202,1,0.632247,3,7,0,269.973,5.12169,1.21203,0.710329,0.256499
-267.248,0.938669,0.632247,3,7,0,269.456,5.00237,1.72416,0.434438,0.320584
-267.126,0.979044,0.632247,3,7,0,267.759,5.14583,1.28512,0.60617,0.277065
-268.139,0.919294,0.632247,2,7,0,268.596,4.91993,0.844618,0.433054,0.490971
-268.601,0.98974,0.632247,2,7,0,269.13,4.96332,0.821362,0.448948,0.505004
-268.5,1,0.632247,3,7,0,269.92,5.178,1.70855,0.654266,0.127272
-268.288,0.941114,0.632247,2,7,0,270.325,5.04563,1.22463,0.56985,0.389594
-271.296,0.917343,0.632247,3,7,0,272.041,4.98912,2.04521,0.86494,0.121135
-266.924,0.913838,0.632247,2,7,0,272.646,5.00341,1.49379,0.611054,0.25806
-267.533,0.970464,0.632247,2,3,0,267.696,5.11938,1.76538,0.707395,0.168269
-272.185,0.816708,0.632247,2,3,0,272.794,5.23509,1.20062,0.845067,0.147877
-271.168,0.981345,0.632247,2,3,0,274.494,5.08856,2.7211,0.847169,0.0808413
-270.955,0.817755,0.632247,3,7,0,275.498,5.25571,0.885926,0.551377,0.282721
-268.911,1,0.632247,3,7,0,272.214,5.27621,1.70344,0.644298,0.240298
-272.184,0.848842,0.632247,3,7,0,273.263,5.30106,1.50839,0.695799,0.0904021
-270.929,0.976828,0.632247,2,7,0,273.79,5.37235,1.41725,0.68946,0.181311
-267.192,0.991704,0.632247,2,7,0,271.923,5.0157,1.56299,0.419203,0.350986
-267.192,0.0010277,0.632247,2,3,0,272.025,5.0157,1.56299,0.419203,0.350986
-269.364,0.874883,0.632247,2,7,0,271.468,4.9954,0.521057,0.47955,0.464972
-270.041,0.506029,0.632247,2,5,0,274.844,5.03436,0.67495,0.346435,0.592775
-270.118,0.830251,0.632247,3,7,0,274.155,4.84824,1.2381,0.708752,0.247967
-272.929,0.955801,0.632247,3,7,0,274.895,5.40984,1.31763,0.547567,0.219899
-270.975,1,0.632247,3,7,0,274.726,4.81365,1.08213,0.575799,0.410378
-269.483,0.979414,0.632247,3,7,0,271.703,5.29065,1.3895,0.641364,0.295936
-268.033,1,0.632247,2,3,0,269.941,5.14182,1.34001,0.548805,0.373161
-268.982,0.848073,0.632247,3,7,0,270.965,4.98233,1.24567,0.730566,0.246984
-270.398,0.864615,0.632247,3,7,0,273.21,5.03912,0.547646,0.316004,0.592285
-267.29,1,0.632247,3,7,0,270.567,4.95402,0.934879,0.478112,0.407194
-268.758,0.57481,0.632247,3,7,0,269.539,4.93643,1.36624,0.540079,0.399671
-267.591,1,0.632247,3,7,0,270.675,5.19349,1.5177,0.654885,0.214666
-267.765,0.906216,0.632247,3,7,0,269.827,4.90696,1.46266,0.456112,0.293136
-268.915,0.599344,0.632247,2,7,0,273.333,5.04987,2.70136,0.439619,0.130455
-268.458,1,0.632247,3,7,0,269.493,4.95751,1.92402,0.416543,0.357481
-270.027,0.679602,0.632247,3,7,0,272.448,4.74971,1.35355,0.559756,0.354912
-269.043,0.813565,0.632247,2,3,0,271.238,4.77471,1.4169,0.409486,0.407455
-269.043,0.0146661,0.632247,2,3,0,271.432,4.77471,1.4169,0.409486,0.407455
-270.148,0.739503,0.632247,3,7,0,271.69,5.32566,1.32724,0.710202,0.187036
-267.799,1,0.632247,3,7,0,270.45,5.139,1.81994,0.698079,0.2007
-267.407,0.961399,0.632247,3,7,0,268.627,5.04436,2.06089,0.631025,0.184885
-269.116,0.910092,0.632247,3,7,0,269.916,5.27103,1.11516,0.613851,0.261826
-270.912,0.78533,0.632247,3,7,0,273.563,4.92191,2.28313,0.635879,0.274067
-273.213,0.404584,0.632247,3,7,0,274.613,4.95113,2.8885,0.566765,0.276329
-267.802,0.598301,0.632247,2,3,0,275.185,5.11288,2.15564,0.54825,0.229917
-267.143,1,0.632247,2,3,0,267.906,5.07832,1.71269,0.533846,0.211625
-267.519,0.957467,0.632247,3,7,0,267.822,5.02276,1.92563,0.543185,0.168731
-267.862,0.99834,0.632247,2,3,0,268.282,5.01363,1.57599,0.417415,0.400895
-266.851,1,0.632247,3,7,0,268.139,5.05588,1.65887,0.589999,0.253619
-266.722,0.988349,0.632247,2,3,0,267.029,5.07085,1.26963,0.563691,0.302455
-267.486,0.941827,0.632247,2,3,0,267.749,4.96677,2.1029,0.552303,0.212355
-267.887,0.98123,0.632247,3,7,0,268.205,5.154,0.865185,0.467576,0.403482
-267.968,0.561095,0.632247,2,3,0,269.262,5.11306,0.812068,0.487022,0.458594
-269.988,0.413352,0.632247,3,7,0,272.905,4.86837,0.58812,0.49158,0.471873
-268.966,0.984121,0.632247,3,7,0,270.742,5.14562,2.74938,0.55312,0.144953
-267.893,0.926354,0.632247,2,3,0,270.211,5.05898,1.97181,0.41419,0.30707
-266.846,0.918603,0.632247,1,3,0,269.938,5.07004,1.74276,0.5514,0.235143
-268.797,0.661012,0.632247,2,3,0,269.265,5.01999,2.66087,0.473705,0.112141
-267.498,0.955747,0.632247,3,7,0,270.993,5.07273,1.17299,0.484401,0.309063
-267.615,0.780544,0.632247,2,3,0,268.762,5.11408,0.853407,0.563748,0.372479
-269.387,0.863136,0.632247,2,3,0,270.307,5.24624,0.870993,0.619434,0.347094
-268.229,0.831976,0.632247,2,3,0,270.319,5.23139,1.02497,0.516197,0.357261
-269.352,0.855911,0.632247,3,7,0,271.401,4.79454,1.32074,0.57211,0.350985
-267.506,0.995967,0.632247,2,7,0,270.875,5.09368,0.804505,0.481085,0.436011
-267.14,0.987381,0.632247,3,7,0,268.277,4.97343,1.84541,0.491271,0.255349
-267.998,0.788129,0.632247,2,7,0,269.075,5.20088,1.46208,0.692976,0.229769
-268.83,0.888267,0.632247,3,7,0,272.217,4.96633,2.0746,0.658175,0.0999627
-268.429,0.934879,0.632247,2,7,0,270.572,5.07886,1.03602,0.697665,0.272674
-267.957,0.986296,0.632247,2,7,0,268.788,5.04373,2.26822,0.587156,0.118285
-266.999,0.982672,0.632247,2,3,0,268.696,4.99462,1.43548,0.59237,0.296559
-268.148,0.907164,0.632247,2,3,0,269.154,4.89378,1.59941,0.450304,0.264158
-269.17,0.583329,0.632247,2,3,0,270.579,4.84159,1.59421,0.345348,0.345596
-267.13,0.878855,0.632247,3,7,0,273.767,5.09259,1.77119,0.564426,0.194869
-267.82,0.784164,0.632247,2,7,0,268.809,5.09574,2.2176,0.471453,0.195455
-266.868,1,0.632247,3,7,0,267.888,5.08159,1.08217,0.530476,0.366024
-268.723,0.771621,0.632247,3,7,0,269.489,5.09251,1.5117,0.685647,0.284521
-270.13,0.978787,0.632247,2,3,0,270.237,5.14843,1.40405,0.805062,0.186506
-274.443,0.921434,0.632247,3,7,0,274.872,4.84298,0.726691,0.3906,0.604673
-270.4,1,0.632247,2,3,0,274.309,5.06578,0.855195,0.641145,0.355862
-270.046,0.830186,0.632247,2,3,0,272.791,5.10816,1.6416,0.720356,0.266557
-269.712,0.793475,0.632247,3,7,0,272.296,5.05307,0.843595,0.527839,0.303519
-267.931,1,0.632247,2,3,0,269.523,5.11453,0.732241,0.511543,0.413381
-270.889,0.334924,0.632247,3,7,0,272.172,5.28926,0.76759,0.618766,0.362836
-269.554,1,0.632247,3,7,0,273.473,5.06014,1.91475,0.840759,0.099488
-268.65,1,0.632247,3,7,0,269.685,5.10955,1.63392,0.802188,0.14439
-270.718,0.866677,0.632247,2,3,0,271.25,5.08573,2.02256,0.79645,0.0464991
-270.028,0.935869,0.632247,3,7,0,272.231,5.28921,1.40937,0.783095,0.154542
-269.762,0.944416,0.632247,2,7,0,271.517,5.22201,1.40237,0.728499,0.127101
-268.782,0.823404,0.632247,3,7,0,271.726,5.21456,0.748324,0.503906,0.430211
-267.654,0.99136,0.632247,3,7,0,269.369,5.11763,1.28747,0.429059,0.336677
-268.994,0.979268,0.632247,3,7,0,269.734,5.04644,2.46542,0.600577,0.215049
-268.124,0.954349,0.632247,3,7,0,270.394,4.87968,1.51318,0.460011,0.389402
-269.264,0.982206,0.632247,3,7,0,270.616,5.30973,1.80775,0.551632,0.239902
-268.383,0.92565,0.632247,2,7,0,271.014,4.98526,0.807571,0.585336,0.385349
-267.432,0.987363,0.632247,3,7,0,268.957,5.03952,0.932309,0.408665,0.471388
-267.856,0.994999,0.632247,3,7,0,268.362,5.19899,1.10142,0.530408,0.320125
-267.371,0.966983,0.632247,3,7,0,268.358,5.01353,1.52253,0.491517,0.365947
-268.866,0.826213,0.632247,2,7,0,269.625,4.86128,1.39615,0.661536,0.235224
-267.829,0.819849,0.632247,2,3,0,271.087,4.89181,1.47473,0.506997,0.266716
-267.219,0.942958,0.632247,3,7,0,268.985,5.14988,1.52498,0.634833,0.245491
-268.647,0.924494,0.632247,3,7,0,269.058,5.11889,1.63396,0.521257,0.171387
-267.694,1,0.632247,2,5,0,269.011,5.01998,1.36885,0.601448,0.336799
-269.855,1,0.632247,2,3,0,270.563,4.86562,0.738235,0.313962,0.568525
-268.181,0.655231,0.632247,2,3,0,271.998,5.23038,1.20795,0.622354,0.299969
-267.347,0.984569,0.632247,2,7,0,268.677,5.05833,2.04685,0.547192,0.17144
-268.187,0.893211,0.632247,2,7,0,269.292,4.94957,1.5808,0.70585,0.225553
-268.758,0.707027,0.632247,3,7,0,269.684,5.00533,2.16303,0.697885,0.200118
-269.3,0.800241,0.632247,2,7,0,271.83,4.95117,1.53324,0.781631,0.174779
-267.182,0.924827,0.632247,2,7,0,269.796,5.09699,1.38868,0.554069,0.244172
-271.218,0.61344,0.632247,2,3,0,273.295,5.11351,0.410751,0.465457,0.520588
-267.46,1,0.632247,2,3,0,270.734,5.0001,0.834483,0.484588,0.405984
-270.145,0.340303,0.632247,3,7,0,270.675,5.07757,2.21387,0.812894,0.151133
-271.228,0.436285,0.632247,2,7,0,274.111,4.80674,0.808745,0.604159,0.375171
-267.328,1,0.632247,2,3,0,270.959,5.01509,1.15428,0.539364,0.389254
-266.93,0.887641,0.632247,3,7,0,268.729,5.00445,1.09281,0.503859,0.349343
-269.783,0.592127,0.632247,3,7,0,270.195,4.92143,0.676794,0.445566,0.530487
-269.417,0.977958,0.632247,3,7,0,271.828,5.19045,2.69383,0.632089,0.0763783
-269.368,0.905753,0.632247,2,7,0,272.147,4.91158,0.884158,0.516912,0.462157
-268.873,0.93976,0.632247,3,7,0,271.749,4.97114,2.68299,0.616342,0.101108
-267.591,0.699573,0.632247,2,3,0,271.009,4.93815,2.00279,0.502341,0.262058
-267.738,0.895777,0.632247,3,7,0,268.596,4.97421,2.0713,0.531389,0.25927
-266.817,0.985566,0.632247,2,7,0,268.048,5.07361,1.49959,0.541633,0.308715
-267.523,0.919984,0.632247,2,7,0,268.235,5.03551,1.99626,0.624717,0.218949
-269.708,0.969226,0.632247,2,7,0,271.074,5.03225,1.7552,0.832455,0.142656
-269.17,0.795639,0.632247,3,7,0,270.645,5.13897,1.31988,0.782948,0.196627
-268.015,0.414495,0.632247,3,7,0,270.83,4.92097,0.951523,0.547323,0.401443
-267.678,0.85941,0.632247,2,7,0,271.238,5.1292,1.04111,0.52868,0.40778
-267.561,0.992715,0.632247,3,7,0,268.243,5.1142,1.7746,0.58101,0.165405
-267.248,0.928506,0.632247,2,3,0,268.859,5.01732,2.06138,0.573314,0.191036
-268.19,0.871646,0.632247,3,7,0,269.115,4.95244,1.91035,0.706962,0.177317
-267.134,0.927093,0.632247,2,5,0,268.448,5.06633,1.14737,0.603997,0.326895
-267.958,0.513275,0.632247,3,7,0,270.123,4.92428,0.904556,0.500215,0.37433
-266.955,0.843089,0.632247,2,7,0,271.188,5.05352,1.37377,0.497291,0.364804
-266.769,1,0.632247,3,7,0,267.176,5.08956,1.54744,0.578913,0.254327
-267.178,0.93873,0.632247,1,3,0,268.088,5.05794,1.53645,0.672949,0.204912
-269.867,0.789285,0.632247,2,3,0,270.52,4.79993,1.48732,0.551392,0.372925
-269.174,0.947357,0.632247,2,3,0,271.362,4.89629,0.973878,0.467172,0.487658
-269.38,0.959732,0.632247,3,7,0,270.714,4.95091,2.87362,0.547246,0.0816419
-267.184,0.890957,0.632247,3,7,0,269.95,4.95813,1.05707,0.432903,0.433026
-266.863,0.967169,0.632247,3,7,0,267.945,5.10252,1.60271,0.571984,0.236015
-267.466,0.949614,0.632247,3,7,0,268.11,5.06475,1.96087,0.451184,0.27151
-269.949,0.64435,0.632247,2,3,0,270.425,4.95486,3.12117,0.484476,0.0720794
-268.205,0.981485,0.632247,2,3,0,270.696,5.0532,2.19335,0.423894,0.197629
-269.202,0.821483,0.632247,2,3,0,270.007,5.02232,1.98974,0.436135,0.368346
-273.142,0.784211,0.632247,2,3,0,274.67,4.69279,2.07037,0.562008,0.120348
-270.649,0.349561,0.632247,2,3,0,277.948,5.21721,2.24845,0.811944,0.145
-271.323,0.863699,0.632247,3,7,0,276.144,4.8354,3.23072,0.402558,0.0785861
-269.074,0.892814,0.632247,2,3,0,271.712,4.85279,2.49577,0.46273,0.215799
-267.395,0.813159,0.632247,2,3,0,270.346,4.99006,1.06029,0.494414,0.427309
-267.435,0.951971,0.632247,3,7,0,268.346,4.94347,1.61217,0.45972,0.273697
-267.276,0.757422,0.632247,3,7,0,268.677,5.11668,1.20852,0.641603,0.260848
-269.894,0.759401,0.632247,3,7,0,271.438,5.19207,2.09228,0.786185,0.0630654
-269.309,0.882014,0.632247,2,7,0,271.407,5.03248,2.06136,0.806355,0.0911917
-269.608,0.868861,0.632247,3,7,0,272.036,5.11006,1.43541,0.783524,0.205659
-267.607,0.830492,0.632247,2,7,0,270.728,5.11304,1.65424,0.720508,0.166768
-267.942,0.956061,0.632247,3,7,0,269.056,5.16792,1.11853,0.413051,0.435712
-267.917,0.989562,0.632247,3,7,0,268.798,4.91031,1.01926,0.54344,0.336325
-267.528,1,0.632247,2,3,0,268.014,4.93966,1.14926,0.571578,0.300374
-267.677,0.944641,0.632247,3,7,0,268.203,5.10475,1.24919,0.454566,0.426087
-267.526,1,0.632247,3,7,0,267.856,4.99905,1.73809,0.635586,0.167625
-267.924,0.928119,0.632247,3,7,0,270.687,5.16289,0.884177,0.448318,0.450505
-266.963,0.999091,0.632247,2,7,0,268.174,5.12535,1.36643,0.600391,0.261036
-267.138,0.958207,0.632247,2,3,0,267.425,5.10136,1.59661,0.577413,0.206953
-269.294,0.743031,0.632247,3,7,0,269.935,5.15695,1.17801,0.467716,0.464334
-268.901,0.642598,0.632247,3,7,0,272.182,4.98083,0.683392,0.35188,0.520709
-267.131,0.977296,0.632247,2,7,0,269.249,4.94767,1.07865,0.509637,0.385975
-267.432,0.976164,0.632247,3,7,0,267.88,5.15424,1.10421,0.470199,0.405263
-267.647,0.964962,0.632247,3,7,0,268.087,4.96644,1.55178,0.671667,0.240372
-271.678,0.786752,0.632247,3,7,0,272.17,5.26925,2.1245,0.49885,0.0853848
-270.253,0.96894,0.632247,3,7,0,273.493,4.90514,2.39181,0.447345,0.320916
-267.897,1,0.632247,2,3,0,271.479,5.02926,1.10142,0.484072,0.310272
-267.169,1,0.632247,3,7,0,267.975,5.02149,1.32842,0.600944,0.319075
-267.009,0.345514,0.632247,3,7,0,269.342,5.04996,1.04992,0.469935,0.372651
-269.81,0.611003,0.632247,3,7,0,271.636,4.75247,2.20498,0.459579,0.252334
-273.516,0.30424,0.632247,3,7,0,276.036,5.35358,2.34387,0.764151,0.193993
-272.989,0.917623,0.632247,3,7,0,275.749,5.3814,1.29442,0.789655,0.197832
-271.945,0.963115,0.632247,3,7,0,274.277,5.32664,1.74541,0.737297,0.240957
-269.812,1,0.632247,2,3,0,272.883,5.03586,0.848962,0.56737,0.42687
-266.883,0.967924,0.632247,3,7,0,270.18,5.03372,1.38055,0.608816,0.283753
-267.62,0.930349,0.632247,2,3,0,268.107,5.19259,1.32285,0.639642,0.246218
-267.01,0.995128,0.632247,2,7,0,267.824,5.08004,1.1558,0.59397,0.324473
-267.584,0.95131,0.632247,3,7,0,268.133,4.9396,1.55543,0.522385,0.346066
-268.212,0.987749,0.632247,3,7,0,268.436,5.12104,0.946579,0.554756,0.302289
-267.656,0.682911,0.632247,2,3,0,269.567,5.12449,1.02364,0.636514,0.303403
-267.465,0.887116,0.632247,3,7,0,268.366,4.89424,1.1713,0.437474,0.406627
-268.07,0.891815,0.632247,3,7,0,268.911,4.96678,0.822342,0.374154,0.511847
-267.011,0.994375,0.632247,3,7,0,268.298,5.03937,1.82266,0.560228,0.253404
-267.226,0.979286,0.632247,2,7,0,268.749,5.0798,1.62865,0.677544,0.215007
-267.371,0.984855,0.632247,2,3,0,267.623,5.00007,1.7083,0.666457,0.215373
-267.124,0.939841,0.632247,3,7,0,268.811,5.06561,1.211,0.598323,0.32943
-268.183,0.899131,0.632247,2,3,0,268.899,5.20291,1.58206,0.697225,0.227547
-268.421,0.996255,0.632247,3,7,0,269.534,4.94502,1.18491,0.661871,0.30317
-269.281,0.957237,0.632247,3,7,0,269.861,5.23692,1.33939,0.492032,0.408798
-268.146,0.974666,0.632247,3,7,0,270.553,4.99639,1.97152,0.694837,0.124969
-267.124,0.991412,0.632247,3,7,0,268.335,5.03357,1.84607,0.629259,0.187234
-267.435,0.94968,0.632247,2,7,0,267.758,4.97842,1.15017,0.599262,0.338631
-267.094,0.998573,0.632247,3,7,0,267.585,4.96382,1.22427,0.527037,0.30969
-268.515,0.830306,0.632247,3,7,0,268.966,5.05254,1.73372,0.778806,0.172528
-268.655,0.849918,0.632247,3,7,0,270.87,5.11152,0.724683,0.38382,0.525687
-272.158,0.364622,0.632247,2,7,0,275.108,5.17142,2.37703,0.901287,0.0328658
-272.964,0.978837,0.632247,2,3,0,273.59,5.20586,1.94754,0.926678,0.0378483
-266.896,0.874193,0.632247,3,7,0,274.106,5.04602,1.75786,0.55427,0.258425
-267.575,0.882948,0.632247,3,7,0,269.229,5.15459,1.23126,0.577545,0.257312
-267.459,0.998291,0.632247,3,7,0,268.171,5.1045,1.7291,0.6928,0.2029
-268.748,0.779358,0.632247,1,3,0,270.673,5.03006,1.70822,0.742996,0.114471
-267.287,0.969112,0.632247,2,7,0,270.059,5.11835,1.53728,0.650642,0.190641
-272.724,0.447757,0.632247,2,3,0,273.961,5.2847,2.73176,0.829395,0.111521
-270.105,0.874409,0.632247,2,7,0,275.632,4.9182,0.656122,0.469003,0.516113
-269.253,0.999812,0.632247,3,7,0,270.807,5.19005,2.19199,0.718957,0.182347
-267.038,0.94816,0.632247,3,7,0,271.1,4.96933,1.45969,0.563383,0.256779
-270.092,0.790142,0.632247,3,7,0,270.704,4.79294,1.35704,0.548702,0.392625
-269.637,0.967971,0.632247,3,7,0,270.801,4.87283,1.45811,0.526244,0.407041
-269.756,0.850523,0.632247,3,7,0,273.902,5.30349,2.12696,0.707004,0.152921
-269.969,0.983025,0.632247,2,3,0,271.762,5.29416,1.3273,0.761193,0.190116
-268.565,0.920256,0.632247,3,7,0,272.297,4.94174,1.50673,0.474651,0.411905
-271.485,0.88273,0.632247,2,7,0,271.923,5.34289,1.49885,0.68591,0.122887
-268.486,0.946898,0.632247,3,7,0,274.212,4.9048,0.948555,0.451804,0.483842
-268.049,0.96397,0.632247,3,7,0,270.646,5.01385,2.15183,0.669993,0.118606
-270.092,0.515025,0.632247,2,7,0,272.816,4.74494,1.71949,0.496066,0.237172
-269.065,0.993078,0.632247,2,7,0,272.603,4.90875,0.929654,0.584112,0.394346
-269.065,0.179271,0.632247,2,3,0,273.939,4.90875,0.929654,0.584112,0.394346
-269.334,0.761774,0.632247,2,7,0,272.274,4.94453,2.88826,0.549104,0.089377
-267.744,0.872066,0.632247,3,7,0,270.044,5.13682,0.921258,0.596415,0.349108
-269.058,0.87663,0.632247,2,3,0,269.772,4.97173,0.708668,0.547167,0.365053
-268.26,1,0.632247,2,3,0,269.248,4.95041,0.691561,0.478549,0.444047
-268.584,0.602166,0.632247,3,7,0,272.865,4.89579,1.16001,0.649094,0.277736
-266.872,0.993137,0.632247,2,7,0,269.061,5.07759,1.36817,0.478743,0.317995
-267.897,0.9061,0.632247,2,3,0,269.363,5.16949,2.03365,0.679311,0.145199
-266.939,0.968751,0.632247,2,3,0,268.568,5.09125,1.32442,0.458373,0.36096
-268.773,0.903404,0.632247,2,7,0,269.01,4.93591,1.16886,0.689807,0.2371
-267.583,0.980741,0.632247,3,7,0,270.923,5.12105,1.53382,0.431414,0.305387
-268.108,1,0.632247,2,3,0,268.467,5.14877,1.14864,0.395056,0.456633
-267.341,0.431789,0.632247,3,7,0,270.622,4.95116,1.42022,0.620722,0.275196
-267.523,0.991576,0.632247,3,7,0,268.055,4.9912,1.65846,0.68407,0.192231
-268.92,0.790776,0.632247,2,3,0,270.061,5.01463,2.68757,0.64909,0.0911027
-271.608,0.970362,0.632247,3,7,0,272.361,5.24831,2.02932,0.699003,0.0431942
-274.79,0.751812,0.632247,3,7,0,276.073,5.17979,1.82583,0.555825,0.0401764
-272.052,1,0.632247,3,7,0,275.861,5.22541,3.38043,0.624399,0.0273941
-269.841,0.909007,0.632247,2,7,0,274.776,5.05149,3.06566,0.621781,0.0609363
-268.826,0.795402,0.632247,3,7,0,271.633,5.14793,0.783679,0.455091,0.496595
-268.78,0.826038,0.632247,3,7,0,272.061,4.89611,2.33895,0.62063,0.183926
-267.339,1,0.632247,2,3,0,269.064,5.0072,1.3823,0.621112,0.303839
-268.022,0.799661,0.632247,3,7,0,270.542,5.02326,0.757453,0.409962,0.508761
-267.895,0.950462,0.632247,2,7,0,269.625,5.1921,1.94001,0.601744,0.221711
-270.133,0.689995,0.632247,2,7,0,272.561,5.34735,1.29047,0.645594,0.243103
-269.444,0.867835,0.632247,3,7,0,273.828,5.22712,1.2429,0.770119,0.177345
-272.4,0.488169,0.632247,3,7,0,274.235,4.98055,1.91941,0.278593,0.249219
-270.351,0.909196,0.632247,2,3,0,271.845,4.97719,1.49612,0.247474,0.470033
-270.351,0.00582138,0.632247,2,3,0,272.377,4.97719,1.49612,0.247474,0.470033
-268.904,0.32443,0.632247,2,3,0,272.553,5.00032,2.22416,0.374865,0.208644
-267.573,0.743479,0.632247,2,3,0,270.713,4.96959,1.84938,0.48002,0.216496
-267.725,0.888562,0.632247,2,3,0,268.631,4.94981,1.47184,0.449218,0.400888
-268.527,0.814395,0.632247,2,3,0,269.06,4.89572,1.56909,0.38109,0.424358
-267.452,0.931372,0.632247,3,7,0,269.3,5.18068,1.663,0.611386,0.240923
-267.051,0.979831,0.632247,2,7,0,268.139,5.11091,1.64656,0.518623,0.295013
-268.007,0.96826,0.632247,2,3,0,268.035,5.16151,2.07827,0.477952,0.205003
-267.979,0.490988,0.632247,3,7,0,273.331,4.98767,1.2658,0.697461,0.238737
-268.219,0.980631,0.632247,2,3,0,268.801,4.94865,1.72728,0.709077,0.16534
-268.162,0.834671,0.632247,2,3,0,270.29,5.07033,1.77826,0.740325,0.19711
-267.279,1,0.632247,2,3,0,268.329,5.0084,1.33888,0.645693,0.237407
-267.493,0.856771,0.632247,3,7,0,270.288,5.10227,1.55514,0.584603,0.311803
-267.531,0.977716,0.632247,2,7,0,268.066,5.17044,1.74562,0.60968,0.178332
-269.494,0.853087,0.632247,2,3,0,269.93,5.25559,1.68283,0.686595,0.115766
-267.894,0.912942,0.632247,3,7,0,271.149,4.96562,1.5709,0.546874,0.347698
-267.864,0.966672,0.632247,3,7,0,269.395,5.17365,1.36666,0.654368,0.281548
-270.107,0.913736,0.632247,2,3,0,270.503,5.23179,2.13016,0.796688,0.149591
-270.269,0.989772,0.632247,2,3,0,271.44,5.18574,1.23076,0.817006,0.163241
-267.607,1,0.632247,2,3,0,270.435,5.13511,1.54828,0.706985,0.17535
-271.399,0.645951,0.632247,3,7,0,272.709,4.99406,1.12423,0.585797,0.411765
-271.367,0.605079,0.632247,3,15,0,276.29,5.14832,1.52038,0.762741,0.073081
-268.908,1,0.632247,2,3,0,271.721,5.14575,1.36464,0.788177,0.154696
-269.747,0.910295,0.632247,2,7,0,270.904,5.17834,1.92763,0.792271,0.176236
-269.785,0.960719,0.632247,3,7,0,271.142,5.03975,0.784593,0.498949,0.490069
-269.05,0.942397,0.632247,3,7,0,271.122,5.03037,1.823,0.611473,0.107731
-268.991,1,0.632247,3,7,0,270.635,5.08731,1.68321,0.731982,0.239026
-270.653,0.30951,0.632247,3,7,0,275.689,4.86985,1.91168,0.55485,0.354074
-267.682,1,0.632247,2,3,0,270.865,5.12593,1.14568,0.671693,0.253309
-268.15,0.973023,0.632247,3,7,0,268.806,4.86299,1.76974,0.433727,0.277493
-267.923,0.994598,0.632247,3,7,0,268.917,5.14121,1.31957,0.723234,0.214409
-270.515,0.792362,0.632247,2,3,0,271.185,5.29608,1.43308,0.778587,0.197627
-267.618,0.909871,0.632247,3,7,0,270.473,4.91048,1.87362,0.4858,0.28681
-268.432,0.959374,0.632247,2,3,0,268.526,4.85804,2.16289,0.505139,0.240975
-270.089,0.61201,0.632247,3,7,0,272.368,5.10422,2.66705,0.342756,0.231998
-270.089,0.0123325,0.632247,2,3,0,273.736,5.10422,2.66705,0.342756,0.231998
-269.75,0.991057,0.632247,3,7,0,271.054,5.06524,1.79367,0.294192,0.417806
-270.527,0.259263,0.632247,3,7,0,272.948,4.89569,3.29553,0.535016,0.0897397
-270.493,0.929865,0.632247,3,7,0,271.42,4.90799,3.24965,0.528485,0.0643309
-267.968,1,0.632247,2,7,0,270.514,5.02557,0.84022,0.569942,0.396894
-266.972,0.967174,0.632247,2,3,0,268.632,5.04555,1.25613,0.574257,0.337099
-268.711,0.681796,0.632247,2,3,0,269.238,5.12477,1.25879,0.410269,0.318827
-267.618,1,0.632247,3,7,0,268.868,5.17052,1.14085,0.623651,0.304312
-271.268,0.914505,0.632247,2,7,0,271.989,4.80983,1.48998,0.676853,0.304727
-272.762,0.986307,0.632247,3,7,0,273.833,5.34539,1.36343,0.608603,0.143168
-267.702,1,0.632247,2,3,0,272.925,5.18943,1.45824,0.607576,0.211589
-267.006,0.950624,0.632247,2,7,0,268.79,5.08269,1.65281,0.529106,0.23136
-266.981,0.993017,0.632247,3,7,0,267.363,5.00884,1.22718,0.598479,0.307019
-267.17,0.941657,0.632247,3,7,0,267.731,4.94811,1.42976,0.427129,0.364098
-267.868,0.83137,0.632247,3,7,0,269.053,5.16567,1.18817,0.677151,0.2401
-271.056,0.735598,0.632247,3,7,0,271.921,5.20224,2.90446,0.649497,0.0287882
-267.538,1,0.632247,2,3,0,271.004,5.06537,1.60223,0.670387,0.165
-267.39,0.903472,0.632247,3,7,0,268.563,4.96035,1.3768,0.551363,0.351152
-268.311,0.914845,0.632247,3,7,0,268.744,5.19795,1.69183,0.665526,0.248117
-268.332,0.886126,0.632247,2,7,0,269.976,5.23161,1.07507,0.463683,0.405889
-267.005,1,0.632247,2,3,0,268.272,5.10925,1.38527,0.478056,0.3165
-267.645,0.857234,0.632247,3,7,0,268.493,4.87439,1.48837,0.544221,0.296779
-268.347,0.958727,0.632247,3,7,0,269.371,5.21355,1.49599,0.425749,0.348718
-267.705,1,0.632247,2,3,0,268.506,5.13766,1.51369,0.413899,0.361603
-267.158,0.919586,0.632247,2,3,0,268.632,5.14777,1.14065,0.510392,0.365388
-267.269,0.984426,0.632247,3,7,0,267.74,4.93252,1.15978,0.476291,0.407566
-269.188,0.876714,0.632247,2,3,0,269.55,4.78018,1.55628,0.537777,0.263996
-268.087,1,0.632247,3,7,0,270.256,4.96139,0.883241,0.5925,0.359672
-267.668,1,0.632247,3,7,0,268.771,5.16827,1.51721,0.497534,0.257215
-268.346,0.599721,0.632247,3,7,0,269.72,4.99587,1.43169,0.739178,0.216361
-268.067,0.746364,0.632247,2,7,0,271.381,5.06846,2.28547,0.477044,0.244948
-268.603,0.542511,0.632247,3,7,0,271.176,5.06533,1.6555,0.790021,0.131387
-270.869,0.780855,0.632247,2,3,0,271.568,4.97262,1.5239,0.788979,0.0998533
-271.879,0.742802,0.632247,3,7,0,274.037,5.2256,0.985019,0.315836,0.579737
-269.006,1,0.632247,2,3,0,270.835,5.16433,1.14663,0.33993,0.435927
-268.435,0.626694,0.632247,3,7,0,271.951,4.86669,1.9193,0.423417,0.330467
-269.489,0.335629,0.632247,3,7,0,272.123,5.13763,0.78601,0.665267,0.315405
-268.961,0.728565,0.632247,2,3,0,272.504,5.13788,1.19229,0.754533,0.222507
-270.402,0.928977,0.632247,2,7,0,270.808,5.00032,1.03003,0.337416,0.389784
-270.402,0.00207047,0.632247,2,7,0,273.214,5.00032,1.03003,0.337416,0.389784
-270.402,0.15222,0.632247,2,7,0,270.786,5.00032,1.03003,0.337416,0.389784
-269.422,1,0.632247,2,7,0,271.661,5.05069,2.2064,0.679594,0.230333
-268.777,0.540402,0.632247,2,7,0,271.193,5.05839,1.83774,0.796052,0.154912
-270.16,0.903772,0.632247,2,3,0,270.581,5.12494,1.98566,0.869355,0.0941687
-271.12,0.734822,0.632247,3,7,0,272.996,4.87993,1.38041,0.793144,0.181466
-271.066,0.91301,0.632247,2,7,0,274.554,5.25276,1.62908,0.855852,0.129943
-269.812,0.381857,0.632247,3,7,0,275.237,4.99273,2.73267,0.7239,0.115991
-271.794,0.959276,0.632247,2,3,0,272.521,5.1121,0.968155,0.79807,0.195341
-269.981,0.849187,0.632247,3,7,0,272.794,5.01639,2.75216,0.713984,0.136687
-268.493,0.996737,0.632247,3,7,0,270.675,5.23364,1.18976,0.543429,0.375064
-268.605,0.952285,0.632247,3,7,0,269.453,4.87678,0.954965,0.43195,0.392916
-267.73,1,0.632247,2,3,0,269.41,5.05262,0.804945,0.558641,0.393699
-268.223,0.976486,0.632247,2,3,0,268.277,5.05351,0.739855,0.578104,0.381905
-268.075,1,0.632247,2,3,0,268.872,5.09985,0.969115,0.561365,0.295636
-268.976,0.782159,0.632247,2,7,0,269.927,5.16852,0.709801,0.593314,0.363595
-267.77,0.804651,0.632247,2,7,0,270.525,4.98762,1.96988,0.649069,0.215093
-268.123,0.946144,0.632247,3,11,0,269.084,5.00105,2.13157,0.693954,0.125736
-268.713,0.980217,0.632247,3,7,0,269.723,5.00582,0.863028,0.521565,0.456182
-268.826,0.946406,0.632247,3,7,0,270.45,4.86817,1.80436,0.684647,0.200569
-269.48,0.532883,0.632247,2,3,0,274.543,5.02575,1.77551,0.619844,0.323311
-269.874,0.909984,0.632247,3,7,0,271.964,5.26179,1.83981,0.765492,0.187201
-269.551,0.941868,0.632247,3,7,0,271.383,4.90798,1.02506,0.613493,0.37249
-268.901,0.975484,0.632247,3,7,0,270.208,5.1473,1.31623,0.687891,0.291871
-269.446,0.992476,0.632247,3,7,0,269.879,4.99418,1.37275,0.717624,0.2702
-272.97,0.53603,0.632247,3,7,0,273.195,5.12054,1.19139,0.41637,0.237822
-269.831,1,0.632247,2,7,0,271.572,4.9876,1.25841,0.753094,0.236529
-268.883,0.98594,0.632247,2,7,0,271.643,5.05004,1.67066,0.793449,0.173385
-270.585,0.820084,0.632247,3,7,0,272.655,5.2993,1.79251,0.806776,0.0911281
-268.246,0.853708,0.632247,3,7,0,272.905,4.84787,1.40237,0.38006,0.391706
-268.724,0.731036,0.632247,3,7,0,270.067,5.16542,2.39834,0.548552,0.21224
-268.201,0.611827,0.632247,3,7,0,272.192,4.99369,0.960128,0.406484,0.394788
-268.201,0.0776805,0.632247,2,7,0,272.222,4.99369,0.960128,0.406484,0.394788
-268.412,0.925059,0.632247,2,7,0,270.7,5.01891,1.42082,0.758316,0.193219
-266.845,1,0.632247,3,7,0,268.362,5.06321,1.62414,0.588063,0.261283
-267.401,0.978885,0.632247,2,7,0,267.576,5.13369,1.69231,0.687011,0.180228
-267.781,0.926988,0.632247,3,7,0,268.592,5.15191,1.34527,0.530921,0.248516
-267.382,0.993584,0.632247,3,7,0,269.243,4.95531,1.33575,0.525903,0.371238
-268.101,0.73218,0.632247,3,7,0,269.383,5.08409,1.41701,0.74612,0.170423
-267.81,0.989651,0.632247,3,7,0,268.981,4.94101,1.8298,0.402871,0.32985
-267.842,0.864516,0.632247,3,7,0,270.448,5.12029,0.851524,0.587797,0.34536
-268.292,0.792983,0.632247,3,7,0,269.406,5.20194,1.13602,0.665957,0.242325
-271.469,0.484382,0.632247,3,7,0,278.588,4.86752,0.495489,0.36318,0.601838
-267.849,0.931835,0.632247,2,7,0,273.026,5.11631,1.43397,0.722601,0.174738
-267.084,1,0.632247,2,3,0,267.857,5.08188,1.54683,0.657624,0.233519
-267.37,0.970419,0.632247,2,7,0,267.917,4.95706,1.48013,0.469574,0.2825
-267.017,1,0.632247,2,7,0,267.293,5.08097,1.47482,0.558775,0.318253
-267.02,0.998381,0.632247,2,3,0,267.165,5.04685,1.63772,0.531398,0.227695
-268.588,0.789945,0.632247,3,7,0,269.293,5.15966,1.44274,0.579574,0.354579
-270.891,0.339605,0.632247,3,7,0,274.401,4.96629,0.714687,0.64163,0.352038
-273.323,0.99945,0.632247,2,7,0,276.978,4.89258,0.842776,0.479964,0.518718
-274.358,0.968559,0.632247,2,7,0,275.595,5.07228,0.654554,0.617632,0.382262
-274.925,0.996925,0.632247,3,7,0,276.009,4.85421,1.54453,0.632437,0.366781
-273.631,1,0.632247,2,3,0,274.711,4.91427,1.34416,0.660805,0.338759
-274.893,0.878627,0.632247,2,3,0,274.977,4.86196,1.5685,0.636903,0.36231
-272.593,0.993668,0.632247,3,7,0,276.425,5.19917,1.95637,0.787572,0.208634
-273.389,1,0.632247,3,7,0,275.176,4.89773,0.653073,0.528858,0.470634
-267.86,0.47084,0.632247,3,15,0,277.006,4.8839,1.16198,0.554668,0.359173
-266.703,0.854253,0.632247,1,3,0,270.252,5.04644,1.57348,0.532344,0.279815
-267.429,0.837459,0.632247,2,7,0,268.917,4.93189,1.13729,0.485558,0.342063
-267.059,1,0.632247,3,7,0,268.37,5.12429,1.63048,0.58394,0.214233
-266.805,0.999736,0.632247,3,7,0,267.243,5.02812,1.59001,0.552717,0.287513
-268.035,0.856965,0.632247,2,3,0,268.965,4.92809,2.23326,0.59218,0.182339
-267.723,0.979107,0.632247,3,7,0,268.886,4.99026,1.31927,0.686376,0.235886
-268.093,0.943799,0.632247,3,7,0,268.884,4.96015,1.9055,0.589358,0.277335
-267.712,0.965857,0.632247,2,3,0,269,5.00667,2.07935,0.664611,0.150225
-270.543,0.776142,0.632247,2,3,0,271.806,4.7888,1.3903,0.682311,0.270612
-268.482,1,0.632247,3,7,0,270.797,5.08806,0.644163,0.454109,0.494908
-267.315,0.953005,0.632247,2,7,0,268.652,5.0668,2.12329,0.569692,0.18636
-270.163,0.816797,0.632247,2,3,0,270.358,4.86955,1.07772,0.693302,0.279238
-269.846,0.735904,0.632247,2,7,0,270.899,4.89064,1.37747,0.738723,0.234109
-271.323,0.911154,0.632247,3,7,0,273.561,5.20426,3.1955,0.520055,0.0343423
-267.869,0.907924,0.632247,3,7,0,272.033,4.97779,1.70079,0.696125,0.167189
-269.387,0.839399,0.632247,2,7,0,271.995,5.29765,1.37158,0.450927,0.350586
-270.781,0.449247,0.632247,3,7,0,272.863,4.88827,1.27455,0.755945,0.229621
-271.194,0.991752,0.632247,3,7,0,272.994,5.22763,0.980425,0.59981,0.395469
-272.182,0.902599,0.632247,2,7,0,272.662,5.26085,0.968089,0.663243,0.334677
-271.669,0.774557,0.632247,3,7,0,274.78,5.12351,1.55652,0.818804,0.179322
-273.752,0.243437,0.632247,2,3,0,278.22,5.03735,2.61401,0.783402,0.201344
-270.65,1,0.632247,3,7,0,273.625,4.96633,0.790579,0.640682,0.354579
-269.762,0.972017,0.632247,3,7,0,271.58,4.89556,1.19619,0.640134,0.344546
-270.444,0.978607,0.632247,3,7,0,271.138,5.24071,1.43441,0.74597,0.242609
-269.227,0.911005,0.632247,3,7,0,272.569,5.05337,1.16621,0.649038,0.340599
-269.905,0.831337,0.632247,3,7,0,271.131,4.93945,0.943766,0.650143,0.341025
-268.801,0.476376,0.632247,3,7,0,274.345,5.22343,2.37817,0.584451,0.122639
-269.508,0.950258,0.632247,3,7,0,270.356,4.8586,0.940056,0.580048,0.394821
-271.245,0.898654,0.632247,2,7,0,272.717,4.7403,1.6174,0.498615,0.215151
-269.749,1,0.632247,2,3,0,272.215,4.84074,1.70544,0.67136,0.26856
-268.874,0.992531,0.632247,3,7,0,270.228,5.15307,1.54517,0.452174,0.231213
-267.574,1,0.632247,2,3,0,268.514,5.14741,1.47384,0.441692,0.317906
-267.098,0.994469,0.632247,3,7,0,267.947,4.9467,1.48951,0.536031,0.269051
-268.027,0.729935,0.632247,3,7,0,269.625,5.12453,1.89823,0.569638,0.140186
-267.88,0.427747,0.632247,2,7,0,273.07,4.97209,1.11282,0.382573,0.398766
-267.995,0.895938,0.632247,3,7,0,269.529,5.15098,1.75486,0.717226,0.201587
-267.912,0.674304,0.632247,3,7,0,269.549,5.0778,2.26298,0.650648,0.165736
-270.733,0.546375,0.632247,3,7,0,273.683,5.14366,0.73928,0.585284,0.411572
-270.013,0.763529,0.632247,3,7,0,274.429,5.10927,1.17545,0.500734,0.232465
-268.853,1,0.632247,2,3,0,271.057,5.06119,1.71952,0.762786,0.205196
-269.367,0.840769,0.632247,3,7,0,271.775,5.08716,0.737848,0.345282,0.566728
-271.539,0.428598,0.632247,3,7,0,272.789,5.20487,0.951184,0.310453,0.447372
-270.761,1,0.632247,1,1,0,272.523,5.19842,0.950815,0.314548,0.461412
-269.032,0.76579,0.632247,3,7,0,272.128,5.07354,2.15338,0.378275,0.330646
-271.178,0.231475,0.632247,2,3,0,272.213,5.1528,1.74639,0.295881,0.468998
-268.483,0.567966,0.632247,3,7,0,271.886,5.10123,1.99711,0.681428,0.0951447
-270.427,0.894707,0.632247,2,3,0,271.531,5.0289,2.59521,0.711661,0.0359522
-270.64,0.889368,0.632247,3,7,0,273.045,5.09563,1.29547,0.456428,0.487741
-270.073,0.973393,0.632247,2,3,0,272.87,5.13918,2.04196,0.671713,0.265817
-267.396,0.691723,0.632247,3,7,0,271.13,5.04721,0.858329,0.429204,0.445741
-266.914,0.889257,0.632247,2,3,0,267.869,5.07529,1.35009,0.522733,0.350957
-267.451,0.94018,0.632247,3,7,0,268.156,5.09681,1.58637,0.701944,0.176685
-267.472,0.743161,0.632247,3,7,0,270.099,5.08719,1.1157,0.444594,0.355718
-268.09,0.746273,0.632247,3,7,0,268.767,5.05541,2.18239,0.474911,0.158268
-268.09,0.0866306,0.632247,2,3,0,270.053,5.05541,2.18239,0.474911,0.158268
-268.09,0.282766,0.632247,2,7,0,271.793,5.05541,2.18239,0.474911,0.158268
-274.267,0.695656,0.632247,3,7,0,276.536,5.47869,1.17797,0.69175,0.255911
-267.23,1,0.632247,2,3,0,274.308,4.93387,1.7494,0.522951,0.274677
-268.804,0.589916,0.632247,2,3,0,269.403,5.02113,1.77734,0.531798,0.354557
-268.435,0.987138,0.632247,2,7,0,269.799,4.99073,2.44782,0.577457,0.199946
-269.783,0.808399,0.632247,3,7,0,271.487,5.2967,1.39079,0.508428,0.25061
-267.97,1,0.632247,3,7,0,270.931,5.01285,0.805241,0.524314,0.438111
-274.913,0.598449,0.632247,2,3,0,275.35,4.68855,1.0315,0.574163,0.266854
-274.913,0.155516,0.632247,3,7,0,278.445,4.68855,1.0315,0.574163,0.266854
-270.268,0.39737,0.632247,3,7,0,278.771,5.15369,1.12,0.791777,0.195459
-267.705,0.962014,0.632247,3,7,0,270.141,5.03351,2.03649,0.665333,0.192521
-268.305,0.835835,0.632247,3,7,0,269.502,4.94342,0.965921,0.388852,0.511696
-267.781,0.822951,0.632247,2,3,0,269.575,5.12395,1.09852,0.662076,0.290431
-270.899,0.88753,0.632247,2,7,0,271.954,5.18128,1.46885,0.62147,0.362071
-271.225,0.995771,0.632247,3,7,0,272.391,5.14228,0.624629,0.528728,0.468192
-271.083,0.997358,0.632247,3,7,0,272.138,4.92634,1.61918,0.679874,0.309759
-271.552,0.95666,0.632247,3,7,0,272.848,4.9588,1.22486,0.738307,0.25971
-272.589,0.906589,0.632247,2,7,0,273.688,4.87093,1.5163,0.784175,0.212601
-272,0.69399,0.632247,2,3,0,275.273,4.97961,1.48505,0.577085,0.412279
-271.345,0.992333,0.632247,2,7,0,274.578,5.0318,1.07241,0.660345,0.338512
-271.469,0.812622,0.632247,1,3,0,272.671,5.06033,1.37964,0.618389,0.377199
-271.687,0.950164,0.632247,3,7,0,272.232,5.06173,1.63936,0.663764,0.330032
-271.85,0.695791,0.632247,2,7,0,275.223,5.2371,1.62053,0.677125,0.311893
-270.237,0.677966,0.632247,2,7,0,273.895,5.02013,0.585285,0.489534,0.502411
-269.267,0.941247,0.632247,3,7,0,271.519,4.97505,1.55954,0.695016,0.280614
-273.063,0.736414,0.632247,3,7,0,278.575,4.74374,0.983543,0.547346,0.446375
-272.967,0.891267,0.632247,2,7,0,275.405,4.85084,0.845823,0.630805,0.367769
-272.068,0.927671,0.632247,4,15,0,275.628,5.18919,2.27489,0.812973,0.0219901
-269.254,1,0.632247,3,7,0,272.755,5.1307,1.62383,0.826445,0.115921
-267.164,0.911521,0.632247,2,7,0,269.979,5.03035,1.61716,0.529872,0.222791
-266.976,0.980504,0.632247,3,7,0,268.832,5.044,1.10177,0.434234,0.405101
-267.367,0.907556,0.632247,2,7,0,268.863,5.11513,0.916673,0.545673,0.359306
-267.85,0.77585,0.632247,3,7,0,271.637,4.9879,2.2316,0.472088,0.245094
-269.237,0.929314,0.632247,2,7,0,270.206,5.25145,1.222,0.697303,0.194284
-266.681,0.973005,0.632247,3,7,0,270.116,5.06879,1.2686,0.51494,0.33653
-267.34,0.835685,0.632247,3,7,0,270.448,5.00642,1.49576,0.618373,0.293323
-267.12,0.979723,0.632247,3,7,0,267.749,5.08593,1.19154,0.464744,0.407817
-267.713,0.81553,0.632247,3,7,0,268.773,5.17121,1.90174,0.661914,0.190298
-266.985,1,0.632247,2,3,0,267.819,4.97585,1.24116,0.567705,0.301723
-266.985,0.0859662,0.632247,2,3,0,272.234,4.97585,1.24116,0.567705,0.301723
-267.191,0.989092,0.632247,3,7,0,267.216,4.97093,1.27348,0.580084,0.274858
-267.312,0.771671,0.632247,3,7,0,269.832,5.10075,1.89334,0.496779,0.219727
-266.88,0.918628,0.632247,1,3,0,269.104,5.0195,1.13738,0.455552,0.40647
-266.88,0.393949,0.632247,2,7,0,269.942,5.0195,1.13738,0.455552,0.40647
-266.846,0.922457,0.632247,3,7,0,267.908,5.05316,1.32342,0.605885,0.287288
-267.582,0.94429,0.632247,2,3,0,267.754,4.97358,1.00278,0.542306,0.327053
-267.997,0.982772,0.632247,2,7,0,268.446,4.91902,0.887954,0.410102,0.491774
-267.997,0.000408622,0.632247,1,1,0,271.483,4.91902,0.887954,0.410102,0.491774
-267.897,0.918956,0.632247,2,7,0,269.853,4.95502,0.90619,0.574821,0.374647
-269.766,0.408477,0.632247,3,7,0,271.252,5.02879,2.09874,0.826266,0.131585
-269.036,0.557788,0.632247,2,7,0,271.544,5.21385,1.05443,0.671327,0.302633
-267.642,0.655618,0.632247,3,7,0,272.162,4.89149,1.03511,0.429578,0.431825
-267.622,0.989794,0.632247,3,7,0,269.213,5.18312,1.17719,0.603662,0.274908
-268.098,0.924915,0.632247,2,3,0,269.834,4.99638,2.21847,0.615432,0.210443
-268.443,0.960295,0.632247,3,7,0,269.185,5.11775,0.692126,0.500532,0.460849
-268.379,0.672489,0.632247,2,3,0,272.106,5.18873,1.22653,0.642066,0.316643
-269.913,0.906272,0.632247,2,7,0,272.147,5.21718,2.09104,0.832254,0.107298
-266.766,0.390321,0.632247,3,7,0,271.269,5.0219,1.37112,0.471699,0.354133
-266.917,0.951923,0.632247,3,7,0,267.114,5.10353,1.2156,0.557776,0.338432
-266.967,0.965175,0.632247,3,7,0,267.56,5.01883,1.78858,0.547208,0.217704
-268.83,0.509952,0.632247,3,7,0,269.735,5.08529,2.40861,0.590589,0.0776988
-268.156,0.972765,0.632247,3,7,0,269.461,4.9503,1.04341,0.439684,0.479347
-269.833,0.816168,0.632247,2,3,0,271.419,4.98837,2.56301,0.728879,0.060741
-270.547,0.859969,0.632247,3,7,0,272.162,5.19015,2.56714,0.819197,0.0652817
-270.547,0.475844,0.632247,2,3,0,275.636,5.19015,2.56714,0.819197,0.0652817
-271.54,0.897016,0.632247,2,3,0,272.606,5.22743,2.83579,0.812108,0.0783472
-269.065,0.975249,0.632247,3,7,0,273.951,4.96934,0.5989,0.37738,0.544911
-268.542,1,0.632247,2,3,0,269.167,4.95535,0.703101,0.37416,0.509466
-269.664,0.148749,0.632247,3,7,0,271.864,5.05248,0.502393,0.46687,0.508269
-268.299,0.99119,0.632247,2,3,0,270.269,4.96081,0.710055,0.502509,0.454208
-268.6,0.954219,0.632247,3,7,0,269.75,5.18272,0.769438,0.563367,0.396455
-269.283,0.904769,0.632247,2,3,0,270.631,5.15077,0.778141,0.487651,0.361126
-269.283,0.177997,0.632247,3,7,0,271.722,5.15077,0.778141,0.487651,0.361126
-269.283,0.361214,0.632247,2,3,0,270.075,5.15077,0.778141,0.487651,0.361126
-267.515,0.961193,0.632247,2,3,0,269.962,5.01893,0.907842,0.561879,0.387872
-269.129,0.895384,0.632247,2,3,0,269.711,5.11502,0.770973,0.640696,0.339611
-271.088,0.938059,0.632247,3,7,0,271.999,5.04484,0.876798,0.451356,0.535479
-270.613,0.999556,0.632247,3,7,0,272.329,5.08108,2.34792,0.795359,0.164606
-269.508,1,0.632247,2,7,0,270.898,4.97873,1.31087,0.770457,0.20855
-270.75,0.922574,0.632247,3,7,0,272.514,5.23208,0.882861,0.5403,0.448043
-269.816,1,0.632247,2,7,0,271.521,5.24873,1.06068,0.576488,0.395799
-267.957,0.992482,0.632247,3,7,0,270.069,4.95175,2.07296,0.563702,0.14993
-268.842,0.945123,0.632247,3,7,0,269.06,4.97283,2.07627,0.548949,0.113982
-269.184,0.814663,0.632247,2,3,0,270.244,4.98131,1.75069,0.489402,0.162089
-269.759,0.246977,0.632247,2,3,0,272.909,5.07994,1.9901,0.793727,0.178504
-269.392,0.99043,0.632247,3,7,0,270.411,5.03414,0.841844,0.547645,0.442608
-270.31,0.804099,0.632247,3,7,0,273.647,5.17597,1.73556,0.55923,0.10904
-268.161,1,0.632247,3,7,0,270.692,5.13137,1.71406,0.748664,0.189414
-267.929,0.977036,0.632247,2,3,0,268.495,5.0958,1.39362,0.737337,0.209546
-267.098,0.93772,0.632247,3,7,0,268.591,4.92833,1.52099,0.492739,0.316718
-268.885,0.236849,0.632247,3,7,0,270.757,5.09036,0.778242,0.601392,0.383387
-267.272,0.921287,0.632247,3,7,0,269.014,5.06463,1.96007,0.554454,0.175842
-266.946,0.987126,0.632247,3,7,0,267.598,4.95914,1.15904,0.470881,0.377318
-267.513,0.823491,0.632247,3,7,0,267.933,5.0413,1.65805,0.672812,0.240205
-271.595,0.774583,0.632247,2,3,0,272.611,4.94485,2.38887,0.388513,0.0932171
-269.171,0.99266,0.632247,3,7,0,273.243,5.22012,2.05818,0.539662,0.277844
-268.387,0.928407,0.632247,3,7,0,269.773,5.01771,1.13495,0.640467,0.225332
-268.245,0.997703,0.632247,3,7,0,269.743,5.1789,1.71874,0.755571,0.163616
-266.703,0.973617,0.632247,3,7,0,269.378,5.03711,1.26044,0.559467,0.312797
-266.792,0.965102,0.632247,2,3,0,267.002,5.04897,1.13932,0.550248,0.345868
-268.021,0.878692,0.632247,2,7,0,268.448,5.01907,0.712632,0.407283,0.490963
-267.139,0.987675,0.632247,3,7,0,268.618,5.08613,1.36975,0.62946,0.287517
-270.56,0.883481,0.632247,3,7,0,270.974,5.14119,2.84301,0.764918,0.0998101
-267.264,1,0.632247,2,3,0,270.497,5.04618,1.29639,0.618264,0.313757
-268.688,0.842136,0.632247,2,3,0,270.777,4.93827,2.09412,0.454934,0.16561
-271.184,0.169515,0.632247,2,3,0,273.447,4.8201,1.58118,0.449146,0.206835
-267.481,1,0.632247,2,3,0,269.599,4.88244,1.34157,0.45976,0.370866
-267.211,0.948951,0.632247,3,7,0,268.597,5.06761,1.65202,0.627785,0.181255
-267.542,0.897601,0.632247,3,7,0,268.323,5.01765,1.22036,0.499692,0.413709
-267.407,0.616505,0.632247,3,7,0,268.269,5.07424,1.3956,0.692387,0.233844
-267.51,0.811006,0.632247,3,7,0,270.15,5.0555,1.44646,0.414394,0.404093
-267.273,0.995357,0.632247,3,7,0,268.123,5.02972,1.31212,0.662682,0.250042
-267.16,0.990941,0.632247,3,7,0,267.595,5.06714,1.27891,0.435853,0.348248
-267.16,0.698717,0.632247,2,3,0,268.472,5.06714,1.27891,0.435853,0.348248
-268.729,0.350979,0.632247,3,7,0,270.29,4.92209,1.36969,0.655381,0.307552
-269.777,0.952661,0.632247,3,7,0,271.859,5.27505,1.79015,0.697045,0.103624
-269.405,0.533792,0.632247,2,7,0,273.869,5.18545,2.84437,0.537047,0.12444
-267.622,0.982652,0.632247,3,7,0,269.745,5.20656,1.40284,0.532564,0.311333
-267.839,0.998941,0.632247,3,7,0,268.092,4.88639,1.20468,0.574786,0.331718
-268.727,0.89593,0.632247,3,7,0,271.57,5.25929,1.4818,0.468213,0.300905
-269.003,0.998029,0.632247,3,7,0,270.151,5.21552,0.974084,0.391273,0.482163
-268.054,0.566052,0.632247,3,7,0,270.949,5.12297,1.8375,0.469384,0.329607
-267.136,0.965011,0.632247,2,7,0,269.025,5.04311,1.73243,0.615029,0.25002
-268.941,0.633748,0.632247,1,3,0,270.695,4.92605,2.30151,0.63855,0.101793
-274.267,0.593246,0.632247,3,7,0,275.495,5.2532,2.1093,0.569771,0.367777
-270.974,0.929257,0.632247,2,3,0,276.377,5.09893,0.581717,0.61184,0.382092
-272.848,0.769723,0.632247,3,7,0,275.215,5.20447,0.485219,0.531759,0.465857
-272.848,0.339742,0.632247,2,3,0,279.638,5.20447,0.485219,0.531759,0.465857
-267.358,0.697437,0.632247,3,7,0,273.885,4.95619,1.02312,0.553325,0.344498
-266.785,0.991086,0.632247,2,7,0,267.712,5.06612,1.43475,0.479083,0.326734
-266.876,0.944304,0.632247,3,7,0,267.573,5.04401,1.24855,0.590455,0.280948
-267.327,0.962751,0.632247,3,7,0,267.65,4.90692,1.48088,0.538173,0.311775
-267.528,0.864723,0.632247,3,7,0,268.723,5.17831,1.49987,0.484734,0.324439
-266.88,0.970201,0.632247,3,7,0,268.559,4.96593,1.25689,0.506073,0.332167
-266.88,0.248875,0.632247,2,3,0,273.779,4.96593,1.25689,0.506073,0.332167
-269.179,0.401891,0.632247,3,7,0,270.088,5.16613,1.21219,0.638357,0.342697
-267.778,0.680461,0.632247,1,3,0,271.047,5.05209,1.02746,0.555684,0.402481
-269.178,0.818681,0.632247,2,3,0,270.574,4.89651,1.00119,0.587283,0.390682
# 
#  Elapsed Time: 0.228825 seconds (Warm-up)
#                0.155104 seconds (Sampling)
#                0.383929 seconds (Total)
# 
