T <- 200
sigma1 <- 0.5
y <- c(
 4.9376697,  4.8899168,  5.0254610,  4.3556765,  3.8357394,  6.4251189,
 6.2174959,  5.3789445,  6.1202710,  5.1143114,  7.6245731, -1.8588047,
 5.5093409,  6.4493257,  5.1634192,  3.4463904,  4.1698488,  4.1064708,
 4.3614838,  5.9580466,  4.0459563,  3.1268747,  3.0014272,  7.2568532,
 0.6181061, -0.1529171,  9.1520129,  4.2929169,  8.4797655,  3.4712109,
-0.7844602,  6.3643689,  7.3924605,  7.4482162,  7.9462958,  7.4520089,
 4.9160684,  7.0783740,  2.2755717,  4.3338510,  5.3356670,  7.7133457,
 3.8465556,  6.5227739,  3.8073106,  5.5854836,  4.0171510,  3.9905454,
 5.3564230,  5.6389753,  5.8895307,  6.0430888,  7.0166372,  5.2398473,
 7.5704829,  7.1371788,  5.0647421,  3.9293894,  3.4554177,  4.3275448,
 8.2122458,  5.4182330,  4.7841770,  3.9840486,  8.2691524,  3.3376053,
 2.0656949,  1.5275422,  1.8313308,  3.4272586, 10.6728548,  9.1516989,
 5.0237735,  9.3370065,  6.2413672,  6.0495085,  5.1750646,  3.5839200,
 2.5954829,  4.8390738,  3.9602637,  5.8275888,  4.2354627,  7.2289368,
 2.6012532,  4.6906417,  1.9171748,  4.6100141,  5.4795416,  5.1599669,
 6.1819383,  4.3444092,  4.4134581,  6.6869847,  3.3489950,  6.8327026,
 4.1952444,  6.7873446,  3.3809638,  6.9186328,  3.6888826,  6.2622409,
 3.4474512,  0.5621525, 12.0983927, -3.9476306, -3.2151898,  8.9190162,
 6.9925151,  8.6113043,  0.7972950,  0.7407605,  6.6504390, -1.0102533,
 6.0100541,  1.0596830,  6.8292719,  4.1636762,  5.1217723,  5.3588360,
 2.9456964,  3.0978778,  4.2588637,  7.3676196,  2.1469861,  7.3753851,
 4.8272418,  4.5120439,  5.7304457,  4.4193964,  2.7559061,  4.3644689,
 7.1601115,  8.2984161,  2.8166543,  3.9179671,  9.7952480, -4.7242886,
 5.4548679,  6.5446901,  6.5973368,  6.2416000,  3.0396850,  1.2093547,
 5.2636842,  8.6437868,  7.4910598,  6.4736415,  4.5251063,  6.7226653,
 4.9341330,  4.1566114,  4.5100764,  6.2950699,  3.1982652,  5.0967501,
 3.2661672,  5.5375760,  6.2441927,  7.2051307,  3.0704887,  2.7454787,
 0.9819569,  5.2894448,  3.8637890,  3.2133096,  5.9141655,  7.2122398,
 5.7235900,  6.8712588,  2.7826501,  3.9139987,  5.8714783,  4.8225299,
 6.4460635,  4.9013858,  4.7609188,  6.5644727,  2.6157804,  7.2306003,
 4.3068921,  3.9418201,  8.9272450,  3.4283380,  1.1672301,  0.8543514,
12.1460656, -6.3507524,  7.7055931,  4.5136553,  4.9229184,  6.4621882,
 0.2856913,  3.6447997,  6.2438314,  7.6303149,  8.8403182,  6.9152914,
 4.1049014,  5.2848041)
