logit_pi <- -1.40677422393064
logit_alpha <- 
structure(c(1, 1, 1, 1, 1, -1, -1, -1, -1, -1),
.Dim = c(5, 2))
