N <-
5000L
x <- 
c(-0.477119212392874, 0.0367707140745049, 0.884768611517142, 2.45506014563231, 2.26794119805479, 3.21672320786084, 2.62040440040272, 3.23295808769368,
2.72550385847647, 4.00273299508375, 4.38779803199358, 4.07550522078909, 4.5559409378183, 4.10902663958036, 3.85837594536182, 5.56801818982836, 6.06897712420096,
6.48397592006985, 4.93020703070396, 4.87725262731139, 3.71165603559704, 3.51170521406668, 2.83323644083514, 1.73593635505646, 2.18278320934696,
2.45297464963504, 3.07772600578027, 4.80786703508004, 4.67540576092917, 5.10026908767818, 5.41885147532089, 4.00013083487787, 4.11116116510576,
3.55502790108558, 2.89820413824558, 1.00930472704041, 2.66304597282799, 0.702556929284231, -0.192834666032829, -0.987369699591366, -1.62056243720341,
-2.29503495349011, -0.992861381968196, -2.03995311947933, -3.41552530171159, -3.39107361200372, -3.11009979243392, -4.18948944787709, -2.67219780817959,
-4.06435436202777, -4.7128058824681, -4.28784193004478, -3.91807287529686, -4.41752467136908, -3.22779787637602, -3.72213437708877, -3.33565408841353,
-2.58085936963674, -2.18272374799443, -2.36172908676621, -2.38723726562225, -4.44843810385801, -3.70180515408359, -3.72246670422537, -2.79654955098269,
-3.2986214862583, -3.43558982937962, -3.23213179228663, -3.46172774890506, -4.83534156590347, -5.80230342451781, -6.23033842076419, -7.13933775569474,
-9.30857006717902, -10.1490225111941, -10.0614274057939, -9.66171269111682, -8.78108004517479, -10.5041592354894, -9.81344709963191, -9.44906740255288,
-10.9382075244805, -10.8278852711579, -12.5192515943745, -13.093168706351, -12.4813281348207, -13.3684874906033, -12.5749183632648, -13.0566695346914,
-13.3243321950624, -12.7250207113253, -12.4353899476612, -11.1496784349132, -12.0985238710751, -10.9079772428272, -9.97112723656575, -8.59616641049432,
-7.79937490095214, -8.07677971331367, -6.98422981519158, -6.15488318734509, -4.68652354785894, -4.00296060494417, -3.10248458883812, -1.7640101816422,
-1.42731339439343, -0.396463404158818, -0.359284842698574, 1.10795214605686, -0.20775614920298, -2.61406476998951, -2.55266841896408, -2.62741286060473,
-3.38652840042495, -2.93126213390031, -2.92576466774725, -1.39312300453745, -1.1432995931937, 0.088879316542179, -0.941860976390393, -1.01755076112207,
-1.35105506361062, -3.2949983200518, -2.88284117348781, -2.42319413796352, -1.88974862771911, -0.116410540385929, -0.0897863831409867, 0.44240699395568,
-0.993970735459725, -1.23713439362695, -1.91974664452489, -2.21465436393585, -2.01057233581535, -2.61682851279346, -1.43562258043673, -1.48745730919507,
-2.8173838255764, -3.99885191327949, -5.80871666769224, -5.89430618456588, -5.76580325280445, -5.36900442430052, -6.2434384702071, -5.80300277288915,
-6.26512636934322, -6.84703526812305, -7.16948710265446, -6.66750483317024, -5.92531537007063, -5.46759648399247, -5.87203482779073, -3.62300231302409,
-3.29959008782541, -4.54419614807975, -5.24508774746629, -4.72306465175793, -4.1455665684636, -4.4837700536469, -3.53100168723872, -3.9760919476916,
-2.82727413911538, -1.37237252853355, -1.24136411467076, -2.15645481182504, -1.86205897959074, -2.60025725624421, -2.66343867963267, -2.57742057339334,
-4.18645806360343, -4.7141388386341, -6.31449226302084, -5.6605911058666, -5.3456339558854, -6.51446032850258, -5.71511009121244, -5.06587687675128,
-7.25653994411446, -8.94216787111358, -7.44795148726647, -7.41345846452469, -7.6882105958111, -9.5858365734491, -8.86225669249367, -9.50800132181307,
-10.7235486487075, -11.4562229916072, -11.3552571858396, -11.4994408255641, -12.6491477043235, -12.9351577425909, -14.0028072904694, -12.7362023121258,
-13.1993879997615, -12.0171884125226, -10.6324153742744, -9.80522935479751, -10.3682251698466, -10.1826972343841, -9.20359261424831, -9.94218772366201,
-12.6676673801217, -10.7037023980996, -11.5164374192361, -11.626253853336, -13.6040863356224, -11.6875427861353, -10.0636539385122, -10.4161043075739,
-12.1664496388365, -12.8384510161118, -12.1809753637337, -12.4831050642895, -12.8216789130822, -13.0518762181283, -14.392065515878, -13.885123460748,
-13.562298538729, -14.4608692396873, -14.823865999282, -14.557220698441, -14.7302025951615, -14.7352988027364, -15.7223306920166, -15.0643390962576,
-14.3594475341748, -15.7260804298551, -14.9912535026584, -15.1351752797129, -15.1577257687948, -15.4236049448759, -15.3891601657144, -14.7177241462658,
-15.6492260253937, -15.2513444855957, -16.2659270792226, -15.9782251869693, -15.0253249251098, -16.5609993963344, -14.1552720374319, -12.0951993991339,
-11.9345122141579, -12.9896504559538, -12.6480929814374, -13.451428158975, -13.4652322327323, -13.5431122849553, -10.1615944779247, -9.44782034311124,
-9.08183722435462, -10.2468327663979, -11.8746952003591, -13.9343878534573, -13.8780716170084, -12.3325422120256, -10.4720043467525, -10.2099513071312,
-9.88973305444226, -10.1527214143119, -9.57428536609165, -11.3446253821779, -11.376227954116, -11.4095256086477, -12.8467724352812, -12.7248648279813,
-13.6401751201312, -15.082881336869, -14.4862608897752, -12.9861454967176, -11.172164658327, -11.3397919821624, -8.91079385839236, -9.42669518556827,
-8.17316658808251, -8.90212888579417, -8.68345073709638, -8.14721008959729, -9.18507575316115, -8.32228901837324, -8.55485333117951, -9.02451350499121,
-9.61579325969704, -8.97657859640886, -8.24379293386541, -7.69862711834619, -8.9958798854893, -8.5562153958316, -10.2768707878161, -9.54384227554369,
-9.04322249190024, -8.40068815971847, -7.7635361062316, -6.85190322980239, -5.90232089551049, -6.13059970337349, -6.42313046334471, -6.10442579048842,
-5.26700304155219, -4.70501072535803, -4.02623794084608, -5.16353733340777, -4.73112310986104, -4.79913317483033, -4.02923961748816, -3.51613891316314,
-3.85345772963212, -3.82129227093873, -3.36225168538358, -4.06990947413563, -4.69005204759782, -5.24164519205152, -5.19425213741589, -5.89444827008758,
-5.16927208200104, -3.42215007122876, -4.10068151455084, -3.67977142269745, -3.91625154490237, -3.14163540439915, -4.52606287617084, -3.25515788959886,
-3.1138414795672, -5.13149538129212, -6.52899374014135, -4.40929850671686, -3.43643875510749, -3.06667944550611, -1.53006447272723, -1.98545546103242,
-1.31461728210355, -0.520725273294141, 1.06173629247717, 2.18469563777424, 3.32066039494335, 3.86587326696233, 2.35076519475102, 2.64864123581634,
3.69673268457642, 2.97213093815798, 2.06595513432484, 3.45722963313648, 3.10170044249719, 0.910842646579556, 2.577548189338, 1.37251410396769,
-0.55204668831878, -0.975397269746841, -0.324005421408867, -0.165040018822616, -0.0745405099871929, -0.515425731168379, -0.983066512697986, -0.294773983997475,
-0.465664418115631, -0.915347102933427, -0.505987849713776, -1.96046972591792, -3.02755681777788, -1.74318894230204, -2.64199375108847, -2.5362126302029,
-1.59775931411585, -1.23099969440259, -0.315073940821449, -0.12113017520471, 0.394835501628111, 0.939007204759435, 1.81251098053342, 1.08771481277382,
1.47505302095592, 2.60743004247889, 1.84711844060083, 3.2800547018772, 4.27666542229069, 2.67357337573231, 3.95592698080936, 4.28628653494811, 4.40841069920932,
5.62438971708534, 6.69786887844342, 6.2305745992104, 6.45527779330224, 5.69994483721076, 4.79658103444666, 6.55736129336649, 7.07824322395926, 7.28498717615107,
7.49031397441821, 7.65656600403132, 10.0731402398653, 10.9401681303532, 10.4892284835587, 10.6625666098325, 9.90214768826566, 10.1661384588401,
8.57837474621085, 9.35127770585398, 9.65441181812144, 10.7793487552154, 10.6298790525867, 10.7551715375524, 9.79453698055337, 8.96652010406142,
10.4335756394991, 10.666194134796, 11.4417310607714, 11.525426942941, 10.0536108850097, 8.88228170613923, 9.76162740424887, 11.6406720770667, 11.8087020920261,
11.2887630319611, 11.519285770558, 11.2370020060745, 11.9633254113327, 11.741766371856, 12.2313401585232, 13.2407567390371, 12.2935228911453, 11.6948520400044,
